0.00000,0.00000,0.49558,0.48753
0.02000,0.00000,0.49555,0.48756
0.04000,0.00000,0.48643,0.49681
0.06000,0.00000,0.47069,0.51271
0.08000,0.00000,0.45358,0.52901
0.10000,0.00000,0.43866,0.54128
0.12000,0.00000,0.42865,0.54699
0.14000,0.00000,0.42568,0.54535
0.16000,0.00000,0.43077,0.53705
0.18000,0.00000,0.44340,0.52384
0.20000,0.00000,0.46153,0.50773
0.22000,0.00000,0.48231,0.49043
0.24000,0.00000,0.50283,0.47325
0.26000,0.00000,0.52048,0.45743
0.28000,0.00000,0.53311,0.44449
0.30000,0.00000,0.53916,0.43634
0.32000,0.00000,0.53809,0.43477
0.34000,0.00000,0.53054,0.44069
0.36000,0.00000,0.51817,0.45341
0.38000,0.00000,0.50309,0.47066
0.40000,0.00000,0.48740,0.48925
0.42000,0.00000,0.47301,0.50590
0.44000,0.00000,0.46175,0.51800
0.46000,0.00000,0.45529,0.52398
0.48000,0.00000,0.45477,0.52355
0.50000,0.00000,0.46018,0.51766
0.52000,0.00000,0.47014,0.50821
0.54000,0.00000,0.48214,0.49744
0.56000,0.00000,0.49336,0.48753
0.58000,0.00000,0.50156,0.48018
0.60000,0.00000,0.50561,0.47643
0.62000,0.00000,0.50563,0.47642
0.64000,0.00000,0.50266,0.47942
0.66000,0.00000,0.49824,0.48403
0.68000,0.00000,0.49386,0.48869
0.70000,0.00000,0.49062,0.49220
0.72000,0.00000,0.48900,0.49402
0.74000,0.00000,0.48886,0.49426
0.76000,0.00000,0.48966,0.49352
0.78000,0.00000,0.49071,0.49250
0.80000,0.00000,0.49144,0.49178
0.82000,0.00000,0.49159,0.49164
0.84000,0.00000,0.49119,0.49206
0.86000,0.00000,0.49050,0.49276
0.88000,0.00000,0.48984,0.49343
0.90000,0.00000,0.48949,0.49380
0.92000,0.00000,0.48958,0.49373
0.94000,0.00000,0.49005,0.49326
0.96000,0.00000,0.49075,0.49257
0.98000,0.00000,0.49142,0.49190
1.00000,0.00000,0.49183,0.49149
0.00000,0.02000,0.49555,0.48756
0.02000,0.02000,0.50826,0.47495
0.04000,0.02000,0.51111,0.47178
0.06000,0.02000,0.49844,0.48378
0.08000,0.02000,0.47763,0.50374
0.10000,0.02000,0.45449,0.52528
0.12000,0.02000,0.43347,0.54357
0.14000,0.02000,0.41840,0.55502
0.16000,0.02000,0.41217,0.55777
0.18000,0.02000,0.41586,0.55193
0.20000,0.02000,0.42852,0.53920
0.22000,0.02000,0.44780,0.52177
0.24000,0.02000,0.47087,0.50148
0.26000,0.02000,0.49504,0.47982
0.28000,0.02000,0.51766,0.45846
0.30000,0.02000,0.53598,0.43984
0.32000,0.02000,0.54736,0.42700
0.34000,0.02000,0.55010,0.42257
0.36000,0.02000,0.54420,0.42766
0.38000,0.02000,0.53117,0.44130
0.40000,0.02000,0.51340,0.46093
0.42000,0.02000,0.49347,0.48312
0.44000,0.02000,0.47405,0.50429
0.46000,0.02000,0.45798,0.52111
0.48000,0.02000,0.44793,0.53101
0.50000,0.02000,0.44568,0.53279
0.52000,0.02000,0.45133,0.52702
0.54000,0.02000,0.46315,0.51576
0.56000,0.02000,0.47805,0.50190
0.58000,0.02000,0.49254,0.48849
0.60000,0.02000,0.50366,0.47811
0.62000,0.02000,0.50968,0.47239
0.64000,0.02000,0.51042,0.47173
0.66000,0.02000,0.50699,0.47521
0.68000,0.02000,0.50134,0.48104
0.70000,0.02000,0.49546,0.48719
0.72000,0.02000,0.49087,0.49204
0.74000,0.02000,0.48825,0.49483
0.76000,0.02000,0.48752,0.49564
0.78000,0.02000,0.48802,0.49516
0.80000,0.02000,0.48893,0.49426
0.82000,0.02000,0.48963,0.49357
0.84000,0.02000,0.48985,0.49337
0.86000,0.02000,0.48970,0.49355
0.88000,0.02000,0.48951,0.49376
0.90000,0.02000,0.48961,0.49368
0.92000,0.02000,0.49014,0.49316
0.94000,0.02000,0.49100,0.49231
0.96000,0.02000,0.49187,0.49145
0.98000,0.02000,0.49232,0.49099
1.00000,0.02000,0.49222,0.49110
0.00000,0.04000,0.48643,0.49681
0.02000,0.04000,0.51110,0.47178
0.04000,0.04000,0.53654,0.44543
0.06000,0.04000,0.54026,0.43982
0.08000,0.04000,0.52492,0.45352
0.10000,0.04000,0.49744,0.48017
0.12000,0.04000,0.46390,0.51294
0.14000,0.04000,0.43016,0.54483
0.16000,0.04000,0.40224,0.56931
0.18000,0.04000,0.38507,0.58206
0.20000,0.04000,0.38106,0.58215
0.22000,0.04000,0.38991,0.57143
0.24000,0.04000,0.40956,0.55266
0.26000,0.04000,0.43733,0.52797
0.28000,0.04000,0.47032,0.49888
0.30000,0.04000,0.50501,0.46735
0.32000,0.04000,0.53682,0.43689
0.34000,0.04000,0.56061,0.41239
0.36000,0.04000,0.57250,0.39845
0.38000,0.04000,0.57136,0.39762
0.40000,0.04000,0.55868,0.40978
0.42000,0.04000,0.53732,0.43259
0.44000,0.04000,0.51052,0.46222
0.46000,0.04000,0.48190,0.49381
0.48000,0.04000,0.45578,0.52192
0.50000,0.04000,0.43671,0.54155
0.52000,0.04000,0.42823,0.54957
0.54000,0.04000,0.43155,0.54573
0.56000,0.04000,0.44513,0.53238
0.58000,0.04000,0.46516,0.51346
0.60000,0.04000,0.48663,0.49347
0.62000,0.04000,0.50469,0.47661
0.64000,0.04000,0.51594,0.46593
0.66000,0.04000,0.51924,0.46272
0.68000,0.04000,0.51570,0.46628
0.70000,0.04000,0.50789,0.47428
0.72000,0.04000,0.49880,0.48373
0.74000,0.04000,0.49093,0.49195
0.76000,0.04000,0.48572,0.49736
0.78000,0.04000,0.48346,0.49968
0.80000,0.04000,0.48353,0.49960
0.82000,0.04000,0.48492,0.49820
0.84000,0.04000,0.48673,0.49643
0.86000,0.04000,0.48840,0.49482
0.88000,0.04000,0.48979,0.49347
0.90000,0.04000,0.49103,0.49226
0.92000,0.04000,0.49218,0.49112
0.94000,0.04000,0.49311,0.49019
0.96000,0.04000,0.49346,0.48985
0.98000,0.04000,0.49291,0.49041
1.00000,0.04000,0.49206,0.49126
0.00000,0.06000,0.47069,0.51271
0.02000,0.06000,0.49846,0.48376
0.04000,0.06000,0.54027,0.43981
0.06000,0.06000,0.56632,0.41024
0.08000,0.06000,0.56888,0.40407
0.10000,0.06000,0.55077,0.42058
0.12000,0.06000,0.51709,0.45484
0.14000,0.06000,0.47325,0.49955
0.16000,0.06000,0.42622,0.54538
0.18000,0.06000,0.38443,0.58262
0.20000,0.06000,0.35528,0.60465
0.22000,0.06000,0.34275,0.61003
0.24000,0.06000,0.34723,0.60134
0.26000,0.06000,0.36699,0.58203
0.28000,0.06000,0.39957,0.55423
0.30000,0.06000,0.44190,0.51886
0.32000,0.06000,0.48944,0.47758
0.34000,0.06000,0.53541,0.43484
0.36000,0.06000,0.57190,0.39769
0.38000,0.06000,0.59290,0.37315
0.40000,0.06000,0.59660,0.36551
0.42000,0.06000,0.58482,0.37558
0.44000,0.06000,0.56084,0.40132
0.46000,0.06000,0.52812,0.43852
0.48000,0.06000,0.49080,0.48095
0.50000,0.06000,0.45458,0.52081
0.52000,0.06000,0.42612,0.55044
0.54000,0.06000,0.41103,0.56481
0.56000,0.06000,0.41177,0.56304
0.58000,0.06000,0.42704,0.54788
0.60000,0.06000,0.45221,0.52425
0.62000,0.06000,0.48064,0.49803
0.64000,0.06000,0.50545,0.47504
0.66000,0.06000,0.52153,0.45984
0.68000,0.06000,0.52688,0.45468
0.70000,0.06000,0.52267,0.45896
0.72000,0.06000,0.51225,0.46970
0.74000,0.06000,0.49974,0.48271
0.76000,0.06000,0.48872,0.49414
0.78000,0.06000,0.48147,0.50158
0.80000,0.06000,0.47865,0.50441
0.82000,0.06000,0.47961,0.50345
0.84000,0.06000,0.48290,0.50020
0.86000,0.06000,0.48700,0.49617
0.88000,0.06000,0.49074,0.49250
0.90000,0.06000,0.49349,0.48979
0.92000,0.06000,0.49500,0.48828
0.94000,0.06000,0.49525,0.48804
0.96000,0.06000,0.49431,0.48899
0.98000,0.06000,0.49260,0.49071
1.00000,0.06000,0.49141,0.49190
0.00000,0.08000,0.45358,0.52901
0.02000,0.08000,0.47763,0.50374
0.04000,0.08000,0.52492,0.45352
0.06000,0.08000,0.56888,0.40408
0.08000,0.08000,0.59375,0.37242
0.10000,0.08000,0.59517,0.36614
0.12000,0.08000,0.57501,0.38574
0.14000,0.08000,0.53627,0.42749
0.16000,0.08000,0.48311,0.48384
0.18000,0.08000,0.42324,0.54319
0.20000,0.08000,0.36764,0.59265
0.22000,0.08000,0.32633,0.62343
0.24000,0.08000,0.30477,0.63402
0.26000,0.08000,0.30398,0.62803
0.28000,0.08000,0.32271,0.60956
0.30000,0.08000,0.35900,0.58034
0.32000,0.08000,0.40997,0.54015
0.34000,0.08000,0.47022,0.48991
0.36000,0.08000,0.53060,0.43491
0.38000,0.08000,0.58007,0.38463
0.40000,0.08000,0.61041,0.34880
0.42000,0.08000,0.61939,0.33354
0.44000,0.08000,0.60938,0.34056
0.46000,0.08000,0.58398,0.36828
0.48000,0.08000,0.54650,0.41236
0.50000,0.08000,0.50125,0.46539
0.52000,0.08000,0.45521,0.51709
0.54000,0.08000,0.41735,0.55689
0.56000,0.08000,0.39547,0.57779
0.58000,0.08000,0.39328,0.57839
0.60000,0.08000,0.40965,0.56198
0.62000,0.08000,0.43921,0.53444
0.64000,0.08000,0.47377,0.50294
0.66000,0.08000,0.50449,0.47482
0.68000,0.08000,0.52463,0.45608
0.70000,0.08000,0.53144,0.44973
0.72000,0.08000,0.52635,0.45504
0.74000,0.08000,0.51366,0.46816
0.76000,0.08000,0.49865,0.48373
0.78000,0.08000,0.48595,0.49685
0.80000,0.08000,0.47845,0.50452
0.82000,0.08000,0.47686,0.50615
0.84000,0.08000,0.48002,0.50303
0.86000,0.08000,0.48567,0.49746
0.88000,0.08000,0.49142,0.49179
0.90000,0.08000,0.49551,0.48775
0.92000,0.08000,0.49714,0.48613
0.94000,0.08000,0.49643,0.48685
0.96000,0.08000,0.49424,0.48906
0.98000,0.08000,0.49184,0.49147
1.00000,0.08000,0.49069,0.49262
0.00000,0.10000,0.43866,0.54128
0.02000,0.10000,0.45449,0.52528
0.04000,0.10000,0.49744,0.48018
0.06000,0.10000,0.55077,0.42058
0.08000,0.10000,0.59517,0.36614
0.10000,0.10000,0.61905,0.33209
0.12000,0.10000,0.61994,0.32564
0.14000,0.10000,0.59874,0.34819
0.16000,0.10000,0.55615,0.39717
0.18000,0.10000,0.49454,0.46501
0.20000,0.10000,0.42207,0.53806
0.22000,0.10000,0.35240,0.59999
0.24000,0.10000,0.29846,0.63979
0.26000,0.10000,0.26731,0.65602
0.28000,0.10000,0.26052,0.65347
0.30000,0.10000,0.27728,0.63683
0.32000,0.10000,0.31634,0.60723
0.34000,0.10000,0.37535,0.56305
0.36000,0.10000,0.44831,0.50417
0.38000,0.10000,0.52361,0.43659
0.40000,0.10000,0.58661,0.37253
0.42000,0.10000,0.62663,0.32479
0.44000,0.10000,0.64118,0.30134
0.46000,0.10000,0.63344,0.30471
0.48000,0.10000,0.60728,0.33377
0.50000,0.10000,0.56570,0.38431
0.52000,0.10000,0.51294,0.44790
0.54000,0.10000,0.45721,0.51169
0.56000,0.10000,0.40987,0.56187
0.58000,0.10000,0.38093,0.58940
0.60000,0.10000,0.37527,0.59265
0.62000,0.10000,0.39193,0.57560
0.64000,0.10000,0.42492,0.54509
0.66000,0.10000,0.46471,0.50938
0.68000,0.10000,0.50066,0.47714
0.70000,0.10000,0.52450,0.45551
0.72000,0.10000,0.53290,0.44797
0.74000,0.10000,0.52773,0.45347
0.76000,0.10000,0.51424,0.46737
0.78000,0.10000,0.49870,0.48344
0.80000,0.10000,0.48637,0.49620
0.82000,0.10000,0.48020,0.50261
0.84000,0.10000,0.48041,0.50253
0.86000,0.10000,0.48501,0.49804
0.88000,0.10000,0.49097,0.49219
0.90000,0.10000,0.49552,0.48770
0.92000,0.10000,0.49719,0.48607
0.94000,0.10000,0.49606,0.48722
0.96000,0.10000,0.49344,0.48985
0.98000,0.10000,0.49106,0.49224
1.00000,0.10000,0.49018,0.49313
0.00000,0.12000,0.42865,0.54699
0.02000,0.12000,0.43347,0.54356
0.04000,0.12000,0.46389,0.51295
0.06000,0.12000,0.51708,0.45484
0.08000,0.12000,0.57501,0.38574
0.10000,0.12000,0.61994,0.32564
0.12000,0.12000,0.64344,0.28896
0.14000,0.12000,0.64450,0.28252
0.16000,0.12000,0.62297,0.30825
0.18000,0.12000,0.57708,0.36464
0.20000,0.12000,0.50716,0.44438
0.22000,0.12000,0.42173,0.53176
0.24000,0.12000,0.33753,0.60672
0.26000,0.12000,0.27092,0.65579
0.28000,0.12000,0.23055,0.67781
0.30000,0.12000,0.21817,0.67885
0.32000,0.12000,0.23306,0.66420
0.34000,0.12000,0.27453,0.63439
0.36000,0.12000,0.34106,0.58634
0.38000,0.12000,0.42652,0.51872
0.40000,0.12000,0.51682,0.43823
0.42000,0.12000,0.59335,0.36010
0.44000,0.12000,0.64280,0.30052
0.46000,0.12000,0.66265,0.26923
0.48000,0.12000,0.65703,0.26923
0.50000,0.12000,0.63021,0.29968
0.52000,0.12000,0.58473,0.35656
0.54000,0.12000,0.52462,0.43062
0.56000,0.12000,0.45926,0.50640
0.58000,0.12000,0.40236,0.56678
0.60000,0.12000,0.36611,0.60081
0.62000,0.12000,0.35651,0.60684
0.64000,0.12000,0.37282,0.58967
0.66000,0.12000,0.40867,0.55689
0.68000,0.12000,0.45341,0.51760
0.70000,0.12000,0.49469,0.48149
0.72000,0.12000,0.52278,0.45657
0.74000,0.12000,0.53385,0.44667
0.76000,0.12000,0.53018,0.45060
0.78000,0.12000,0.51770,0.46333
0.80000,0.12000,0.50315,0.47836
0.82000,0.12000,0.49184,0.49023
0.84000,0.12000,0.48634,0.49618
0.86000,0.12000,0.48634,0.49648
0.88000,0.12000,0.48950,0.49353
0.90000,0.12000,0.49289,0.49027
0.92000,0.12000,0.49450,0.48873
0.94000,0.12000,0.49390,0.48937
0.96000,0.12000,0.49207,0.49121
0.98000,0.12000,0.49049,0.49280
1.00000,0.12000,0.49004,0.49326
0.00000,0.14000,0.42568,0.54535
0.02000,0.14000,0.41840,0.55502
0.04000,0.14000,0.43016,0.54483
0.06000,0.14000,0.47325,0.49955
0.08000,0.14000,0.53627,0.42749
0.10000,0.14000,0.59874,0.34820
0.12000,0.14000,0.64450,0.28252
0.14000,0.14000,0.66802,0.24403
0.16000,0.14000,0.66943,0.23869
0.18000,0.14000,0.64750,0.26843
0.20000,0.14000,0.59809,0.33264
0.22000,0.14000,0.51949,0.42459
0.24000,0.14000,0.42072,0.52661
0.26000,0.14000,0.32217,0.61462
0.28000,0.14000,0.24401,0.67260
0.30000,0.14000,0.19619,0.69983
0.32000,0.14000,0.17985,0.70383
0.34000,0.14000,0.19366,0.69060
0.36000,0.14000,0.23733,0.66023
0.38000,0.14000,0.31049,0.60825
0.40000,0.14000,0.40742,0.53196
0.42000,0.14000,0.51187,0.43868
0.44000,0.14000,0.60110,0.34698
0.46000,0.14000,0.65908,0.27663
0.48000,0.14000,0.68344,0.23885
0.50000,0.14000,0.67939,0.23656
0.52000,0.14000,0.65162,0.26881
0.54000,0.14000,0.60221,0.33185
0.56000,0.14000,0.53483,0.41591
0.58000,0.14000,0.45986,0.50308
0.60000,0.14000,0.39337,0.57303
0.62000,0.14000,0.34984,0.61307
0.64000,0.14000,0.33642,0.62167
0.66000,0.14000,0.35267,0.60431
0.68000,0.14000,0.39196,0.56911
0.70000,0.14000,0.44249,0.52578
0.72000,0.14000,0.49008,0.48491
0.74000,0.14000,0.52343,0.45543
0.76000,0.14000,0.53819,0.44178
0.78000,0.14000,0.53681,0.44307
0.80000,0.14000,0.52550,0.45444
0.82000,0.14000,0.51109,0.46948
0.84000,0.14000,0.49884,0.48263
0.86000,0.14000,0.49132,0.49094
0.88000,0.14000,0.48847,0.49430
0.90000,0.14000,0.48856,0.49449
0.92000,0.14000,0.48954,0.49363
0.94000,0.14000,0.49014,0.49309
0.96000,0.14000,0.49017,0.49309
0.98000,0.14000,0.49010,0.49317
1.00000,0.14000,0.49023,0.49305
0.00000,0.16000,0.43077,0.53705
0.02000,0.16000,0.41217,0.55777
0.04000,0.16000,0.40224,0.56931
0.06000,0.16000,0.42622,0.54538
0.08000,0.16000,0.48311,0.48384
0.10000,0.16000,0.55615,0.39717
0.12000,0.16000,0.62297,0.30825
0.14000,0.16000,0.66942,0.23869
0.16000,0.16000,0.69264,0.20069
0.18000,0.16000,0.69376,0.19824
0.20000,0.16000,0.67075,0.23270
0.22000,0.16000,0.61741,0.30456
0.24000,0.16000,0.53009,0.40806
0.26000,0.16000,0.41846,0.52387
0.28000,0.16000,0.30697,0.62390
0.30000,0.16000,0.21965,0.68965
0.32000,0.16000,0.16695,0.72095
0.34000,0.16000,0.14853,0.72689
0.36000,0.16000,0.16198,0.71432
0.38000,0.16000,0.20738,0.68306
0.40000,0.16000,0.28575,0.62734
0.42000,0.16000,0.39227,0.54302
0.44000,0.16000,0.50903,0.43793
0.46000,0.16000,0.60937,0.33416
0.48000,0.16000,0.67459,0.25506
0.50000,0.16000,0.70241,0.21278
0.52000,0.16000,0.69917,0.20952
0.54000,0.16000,0.67000,0.24397
0.56000,0.16000,0.61654,0.31274
0.58000,0.16000,0.54202,0.40577
0.60000,0.16000,0.45777,0.50302
0.62000,0.16000,0.38239,0.58118
0.64000,0.16000,0.33271,0.62603
0.66000,0.16000,0.31701,0.63615
0.68000,0.16000,0.33497,0.61750
0.70000,0.16000,0.37935,0.57870
0.72000,0.16000,0.43685,0.53015
0.74000,0.16000,0.49120,0.48356
0.76000,0.16000,0.52952,0.44910
0.78000,0.16000,0.54699,0.43216
0.80000,0.16000,0.54622,0.43241
0.82000,0.16000,0.53372,0.44506
0.84000,0.16000,0.51672,0.46314
0.86000,0.16000,0.50110,0.48016
0.88000,0.16000,0.49022,0.49210
0.90000,0.16000,0.48488,0.49800
0.92000,0.16000,0.48395,0.49914
0.94000,0.16000,0.48550,0.49766
0.96000,0.16000,0.48778,0.49543
0.98000,0.16000,0.48968,0.49356
1.00000,0.16000,0.49055,0.49271
0.00000,0.18000,0.44340,0.52384
0.02000,0.18000,0.41586,0.55193
0.04000,0.18000,0.38507,0.58206
0.06000,0.18000,0.38443,0.58262
0.08000,0.18000,0.42324,0.54319
0.10000,0.18000,0.49454,0.46501
0.12000,0.18000,0.57708,0.36464
0.14000,0.18000,0.64750,0.26843
0.16000,0.18000,0.69376,0.19824
0.18000,0.18000,0.71575,0.16326
0.20000,0.18000,0.71578,0.16479
0.22000,0.18000,0.69125,0.20372
0.24000,0.18000,0.63419,0.28192
0.26000,0.18000,0.53902,0.39513
0.28000,0.18000,0.41606,0.52288
0.30000,0.18000,0.29389,0.63333
0.32000,0.18000,0.20002,0.70544
0.34000,0.18000,0.14460,0.73964
0.36000,0.18000,0.12529,0.74662
0.38000,0.18000,0.13856,0.73422
0.40000,0.18000,0.18483,0.70216
0.42000,0.18000,0.26660,0.64346
0.44000,0.18000,0.38034,0.55244
0.46000,0.18000,0.50714,0.43732
0.48000,0.18000,0.61683,0.32363
0.50000,0.18000,0.68796,0.23805
0.52000,0.18000,0.71818,0.19312
0.54000,0.18000,0.71497,0.18987
0.56000,0.18000,0.68404,0.22655
0.58000,0.18000,0.62666,0.30013
0.60000,0.18000,0.54569,0.40042
0.62000,0.18000,0.45350,0.50558
0.64000,0.18000,0.37129,0.58980
0.66000,0.18000,0.31813,0.63748
0.68000,0.18000,0.30292,0.64727
0.70000,0.18000,0.32485,0.62573
0.72000,0.18000,0.37549,0.58218
0.74000,0.18000,0.43956,0.52810
0.76000,0.18000,0.49872,0.47664
0.78000,0.18000,0.53907,0.43935
0.80000,0.18000,0.55589,0.42240
0.82000,0.18000,0.55243,0.42532
0.84000,0.18000,0.53607,0.44233
0.86000,0.18000,0.51520,0.46484
0.88000,0.18000,0.49672,0.48494
0.90000,0.18000,0.48476,0.49787
0.92000,0.18000,0.48021,0.50280
0.94000,0.18000,0.48133,0.50177
0.96000,0.18000,0.48519,0.49797
0.98000,0.18000,0.48899,0.49422
1.00000,0.18000,0.49070,0.49253
0.00000,0.20000,0.46153,0.50773
0.02000,0.20000,0.42852,0.53920
0.04000,0.20000,0.38106,0.58215
0.06000,0.20000,0.35528,0.60465
0.08000,0.20000,0.36764,0.59265
0.10000,0.20000,0.42207,0.53806
0.12000,0.20000,0.50716,0.44438
0.14000,0.20000,0.59809,0.33264
0.16000,0.20000,0.67075,0.23271
0.18000,0.20000,0.71578,0.16479
0.20000,0.20000,0.73597,0.13404
0.22000,0.20000,0.73470,0.13930
0.24000,0.20000,0.70889,0.18149
0.26000,0.20000,0.64889,0.26416
0.28000,0.20000,0.54730,0.38477
0.30000,0.20000,0.41506,0.52222
0.32000,0.20000,0.28459,0.64126
0.34000,0.20000,0.18614,0.71848
0.36000,0.20000,0.12908,0.75482
0.38000,0.20000,0.10914,0.76254
0.40000,0.20000,0.12186,0.75041
0.42000,0.20000,0.16801,0.71808
0.44000,0.20000,0.25146,0.65743
0.46000,0.20000,0.37014,0.56133
0.48000,0.20000,0.50471,0.43836
0.50000,0.20000,0.62196,0.31715
0.52000,0.20000,0.69774,0.22707
0.54000,0.20000,0.72952,0.18056
0.56000,0.20000,0.72593,0.17753
0.58000,0.20000,0.69332,0.21583
0.60000,0.20000,0.63283,0.29271
0.62000,0.20000,0.54715,0.39779
0.64000,0.20000,0.44977,0.50792
0.66000,0.20000,0.36414,0.59545
0.68000,0.20000,0.31080,0.64377
0.70000,0.20000,0.29844,0.65170
0.72000,0.20000,0.32513,0.62658
0.74000,0.20000,0.38072,0.57886
0.76000,0.20000,0.44801,0.52135
0.78000,0.20000,0.50751,0.46855
0.80000,0.20000,0.54554,0.43271
0.82000,0.20000,0.55841,0.41960
0.84000,0.20000,0.55055,0.42742
0.86000,0.20000,0.53069,0.44845
0.88000,0.20000,0.50817,0.47274
0.90000,0.20000,0.49030,0.49196
0.92000,0.20000,0.48077,0.50212
0.94000,0.20000,0.47937,0.50370
0.96000,0.20000,0.48308,0.50005
0.98000,0.20000,0.48797,0.49521
1.00000,0.20000,0.49046,0.49275
0.00000,0.22000,0.48231,0.49043
0.02000,0.22000,0.44780,0.52177
0.04000,0.22000,0.38991,0.57143
0.06000,0.22000,0.34275,0.61003
0.08000,0.22000,0.32633,0.62343
0.10000,0.22000,0.35240,0.59999
0.12000,0.22000,0.42173,0.53176
0.14000,0.22000,0.51949,0.42459
0.16000,0.22000,0.61741,0.30457
0.18000,0.22000,0.69125,0.20372
0.20000,0.22000,0.73470,0.13930
0.22000,0.22000,0.75319,0.11244
0.24000,0.22000,0.75109,0.12028
0.26000,0.22000,0.72476,0.16411
0.28000,0.22000,0.66296,0.24921
0.30000,0.22000,0.55653,0.37502
0.32000,0.22000,0.41683,0.52032
0.34000,0.22000,0.27961,0.64676
0.36000,0.22000,0.17741,0.72847
0.38000,0.22000,0.11878,0.76677
0.40000,0.22000,0.09788,0.77541
0.42000,0.22000,0.10945,0.76404
0.44000,0.22000,0.15447,0.73220
0.46000,0.22000,0.23798,0.67079
0.48000,0.22000,0.35959,0.57133
0.50000,0.22000,0.50011,0.44256
0.52000,0.22000,0.62367,0.31558
0.54000,0.22000,0.70335,0.22187
0.56000,0.22000,0.73643,0.17371
0.58000,0.22000,0.73273,0.17015
0.60000,0.22000,0.69946,0.20865
0.62000,0.22000,0.63771,0.28655
0.64000,0.22000,0.55001,0.39353
0.66000,0.22000,0.45069,0.50592
0.68000,0.22000,0.36459,0.59491
0.70000,0.22000,0.31274,0.64300
0.72000,0.22000,0.30310,0.64923
0.74000,0.22000,0.33238,0.62203
0.76000,0.22000,0.38894,0.57300
0.78000,0.22000,0.45467,0.51597
0.80000,0.22000,0.51048,0.46587
0.82000,0.22000,0.54397,0.43439
0.84000,0.22000,0.55268,0.42591
0.86000,0.22000,0.54226,0.43682
0.88000,0.22000,0.52209,0.45828
0.90000,0.22000,0.50150,0.48027
0.92000,0.22000,0.48707,0.49560
0.94000,0.22000,0.48124,0.50179
0.96000,0.22000,0.48247,0.50065
0.98000,0.22000,0.48691,0.49627
1.00000,0.22000,0.48975,0.49344
0.00000,0.24000,0.50283,0.47325
0.02000,0.24000,0.47087,0.50148
0.04000,0.24000,0.40956,0.55266
0.06000,0.24000,0.34723,0.60134
0.08000,0.24000,0.30477,0.63402
0.10000,0.24000,0.29846,0.63979
0.12000,0.24000,0.33753,0.60672
0.14000,0.24000,0.42072,0.52661
0.16000,0.24000,0.53008,0.40806
0.18000,0.24000,0.63419,0.28193
0.20000,0.24000,0.70889,0.18149
0.22000,0.24000,0.75108,0.12028
0.24000,0.24000,0.76856,0.09625
0.26000,0.24000,0.76633,0.10541
0.28000,0.24000,0.74021,0.14952
0.30000,0.24000,0.67748,0.23547
0.32000,0.24000,0.56734,0.36485
0.34000,0.24000,0.42135,0.51678
0.36000,0.24000,0.27805,0.65003
0.38000,0.24000,0.17206,0.73613
0.40000,0.24000,0.11148,0.77666
0.42000,0.24000,0.08916,0.78672
0.44000,0.24000,0.09906,0.77670
0.46000,0.24000,0.14216,0.74604
0.48000,0.24000,0.22454,0.68479
0.50000,0.24000,0.34763,0.58328
0.52000,0.24000,0.49288,0.45004
0.54000,0.24000,0.62213,0.31793
0.56000,0.24000,0.70570,0.22024
0.58000,0.24000,0.74064,0.16948
0.60000,0.24000,0.73803,0.16402
0.62000,0.24000,0.70574,0.20087
0.64000,0.24000,0.64474,0.27744
0.66000,0.24000,0.55727,0.38420
0.68000,0.24000,0.45790,0.49780
0.70000,0.24000,0.37197,0.58840
0.72000,0.24000,0.32051,0.63741
0.74000,0.24000,0.31084,0.64405
0.76000,0.24000,0.33884,0.61765
0.78000,0.24000,0.39238,0.57055
0.80000,0.24000,0.45395,0.51672
0.82000,0.24000,0.50560,0.47059
0.84000,0.24000,0.53593,0.44276
0.86000,0.24000,0.54324,0.43630
0.88000,0.24000,0.53345,0.44682
0.90000,0.24000,0.51571,0.46559
0.92000,0.24000,0.49862,0.48365
0.94000,0.24000,0.48774,0.49511
0.96000,0.24000,0.48443,0.49866
0.98000,0.24000,0.48642,0.49674
1.00000,0.24000,0.48884,0.49433
0.00000,0.26000,0.52048,0.45743
0.02000,0.26000,0.49504,0.47982
0.04000,0.26000,0.43733,0.52797
0.06000,0.26000,0.36699,0.58203
0.08000,0.26000,0.30398,0.62803
0.10000,0.26000,0.26731,0.65602
0.12000,0.26000,0.27092,0.65579
0.14000,0.26000,0.32217,0.61462
0.16000,0.26000,0.41846,0.52387
0.18000,0.26000,0.53902,0.39513
0.20000,0.26000,0.64889,0.26416
0.22000,0.26000,0.72476,0.16411
0.24000,0.26000,0.76633,0.10541
0.26000,0.26000,0.78345,0.08334
0.28000,0.26000,0.78152,0.09302
0.30000,0.26000,0.75586,0.13656
0.32000,0.26000,0.69257,0.22234
0.34000,0.26000,0.57934,0.35427
0.36000,0.26000,0.42751,0.51226
0.38000,0.26000,0.27801,0.65231
0.40000,0.26000,0.16787,0.74302
0.42000,0.26000,0.10509,0.78615
0.44000,0.26000,0.08126,0.79806
0.46000,0.26000,0.08937,0.78973
0.48000,0.26000,0.13022,0.76050
0.50000,0.26000,0.21081,0.69975
0.52000,0.26000,0.33461,0.59666
0.54000,0.26000,0.48429,0.45910
0.56000,0.26000,0.61955,0.32126
0.58000,0.26000,0.70771,0.21858
0.60000,0.26000,0.74554,0.16416
0.62000,0.26000,0.74514,0.15570
0.64000,0.26000,0.71485,0.18964
0.66000,0.26000,0.65532,0.26398
0.68000,0.26000,0.56835,0.37060
0.70000,0.26000,0.46827,0.48665
0.72000,0.26000,0.38065,0.58074
0.74000,0.26000,0.32684,0.63270
0.76000,0.26000,0.31428,0.64170
0.78000,0.26000,0.33881,0.61776
0.80000,0.26000,0.38887,0.57327
0.82000,0.26000,0.44763,0.52208
0.84000,0.26000,0.49768,0.47812
0.86000,0.26000,0.52764,0.45141
0.88000,0.26000,0.53583,0.44451
0.90000,0.26000,0.52793,0.45312
0.92000,0.26000,0.51270,0.46910
0.94000,0.26000,0.49827,0.48422
0.96000,0.26000,0.48953,0.49339
0.98000,0.26000,0.48728,0.49582
1.00000,0.26000,0.48824,0.49490
0.00000,0.28000,0.53311,0.44449
0.02000,0.28000,0.51766,0.45846
0.04000,0.28000,0.47032,0.49888
0.06000,0.28000,0.39957,0.55423
0.08000,0.28000,0.32271,0.60956
0.10000,0.28000,0.26052,0.65347
0.12000,0.28000,0.23055,0.67781
0.14000,0.28000,0.24401,0.67260
0.16000,0.28000,0.30697,0.62390
0.18000,0.28000,0.41606,0.52289
0.20000,0.28000,0.54730,0.38477
0.22000,0.28000,0.66296,0.24921
0.24000,0.28000,0.74020,0.14952
0.26000,0.28000,0.78153,0.09301
0.28000,0.28000,0.79857,0.07248
0.30000,0.28000,0.79694,0.08232
0.32000,0.28000,0.77143,0.12507
0.34000,0.28000,0.70723,0.21054
0.36000,0.28000,0.59069,0.34490
0.38000,0.28000,0.43291,0.50873
0.40000,0.28000,0.27722,0.65528
0.42000,0.28000,0.16312,0.75054
0.44000,0.28000,0.09851,0.79643
0.46000,0.28000,0.07356,0.81030
0.48000,0.28000,0.08020,0.80350
0.50000,0.28000,0.11908,0.77520
0.52000,0.28000,0.19828,0.71423
0.54000,0.28000,0.32341,0.60868
0.56000,0.28000,0.47810,0.46588
0.58000,0.28000,0.61964,0.32154
0.60000,0.28000,0.71254,0.21350
0.62000,0.28000,0.75344,0.15547
0.64000,0.28000,0.75516,0.14437
0.66000,0.28000,0.72609,0.17627
0.68000,0.28000,0.66656,0.25004
0.70000,0.28000,0.57805,0.35888
0.72000,0.28000,0.47505,0.47943
0.74000,0.28000,0.38382,0.57799
0.76000,0.28000,0.32660,0.63293
0.78000,0.28000,0.31127,0.64385
0.80000,0.28000,0.33404,0.62098
0.82000,0.28000,0.38351,0.57708
0.84000,0.28000,0.44261,0.52623
0.86000,0.28000,0.49311,0.48261
0.88000,0.28000,0.52348,0.45600
0.90000,0.28000,0.53206,0.44881
0.92000,0.28000,0.52476,0.45671
0.94000,0.28000,0.51057,0.47150
0.96000,0.28000,0.49748,0.48515
0.98000,0.28000,0.49011,0.49285
1.00000,0.28000,0.48860,0.49445
0.00000,0.30000,0.53916,0.43634
0.02000,0.30000,0.53598,0.43984
0.04000,0.30000,0.50501,0.46735
0.06000,0.30000,0.44190,0.51886
0.08000,0.30000,0.35900,0.58034
0.10000,0.30000,0.27728,0.63683
0.12000,0.30000,0.21817,0.67885
0.14000,0.30000,0.19619,0.69983
0.16000,0.30000,0.21965,0.68965
0.18000,0.30000,0.29389,0.63333
0.20000,0.30000,0.41506,0.52222
0.22000,0.30000,0.55653,0.37502
0.24000,0.30000,0.67748,0.23547
0.26000,0.30000,0.75587,0.13656
0.28000,0.30000,0.79693,0.08233
0.30000,0.30000,0.81364,0.06337
0.32000,0.30000,0.81178,0.07345
0.34000,0.30000,0.78578,0.11560
0.36000,0.30000,0.72001,0.20115
0.38000,0.30000,0.59958,0.33831
0.40000,0.30000,0.43559,0.50795
0.42000,0.30000,0.27416,0.66044
0.44000,0.30000,0.15711,0.75963
0.46000,0.30000,0.09171,0.80781
0.48000,0.30000,0.06648,0.82300
0.50000,0.30000,0.07239,0.81675
0.52000,0.30000,0.11022,0.78815
0.54000,0.30000,0.18938,0.72549
0.56000,0.30000,0.31735,0.61598
0.58000,0.30000,0.47774,0.46686
0.60000,0.30000,0.62482,0.31617
0.62000,0.30000,0.72110,0.20422
0.64000,0.30000,0.76359,0.14465
0.66000,0.30000,0.76555,0.13321
0.68000,0.30000,0.73527,0.16574
0.70000,0.30000,0.67306,0.24204
0.72000,0.30000,0.58077,0.35550
0.74000,0.30000,0.47375,0.48086
0.76000,0.30000,0.37959,0.58190
0.78000,0.30000,0.32130,0.63698
0.80000,0.30000,0.30668,0.64668
0.82000,0.30000,0.33153,0.62204
0.84000,0.30000,0.38354,0.57653
0.86000,0.30000,0.44402,0.52515
0.88000,0.30000,0.49418,0.48222
0.90000,0.30000,0.52287,0.45718
0.92000,0.30000,0.52951,0.45176
0.94000,0.30000,0.52099,0.46078
0.96000,0.30000,0.50677,0.47553
0.98000,0.30000,0.49495,0.48777
1.00000,0.30000,0.49045,0.49243
0.00000,0.32000,0.53809,0.43477
0.02000,0.32000,0.54736,0.42700
0.04000,0.32000,0.53682,0.43689
0.06000,0.32000,0.48944,0.47758
0.08000,0.32000,0.40997,0.54015
0.10000,0.32000,0.31634,0.60723
0.12000,0.32000,0.23306,0.66420
0.14000,0.32000,0.17985,0.70383
0.16000,0.32000,0.16695,0.72095
0.18000,0.32000,0.20002,0.70544
0.20000,0.32000,0.28459,0.64126
0.22000,0.32000,0.41683,0.52032
0.24000,0.32000,0.56734,0.36485
0.26000,0.32000,0.69257,0.22235
0.28000,0.32000,0.77143,0.12507
0.30000,0.32000,0.81177,0.07345
0.32000,0.32000,0.82752,0.05619
0.34000,0.32000,0.82465,0.06674
0.36000,0.32000,0.79739,0.10881
0.38000,0.32000,0.72936,0.19518
0.40000,0.32000,0.60462,0.33560
0.42000,0.32000,0.43477,0.51059
0.44000,0.32000,0.26890,0.66782
0.46000,0.32000,0.15055,0.76971
0.48000,0.32000,0.08565,0.81898
0.50000,0.32000,0.06104,0.83414
0.52000,0.32000,0.06713,0.82695
0.54000,0.32000,0.10527,0.79650
0.56000,0.32000,0.18617,0.73077
0.58000,0.32000,0.31824,0.61637
0.60000,0.32000,0.48361,0.46132
0.62000,0.32000,0.63376,0.30658
0.64000,0.32000,0.73061,0.19402
0.66000,0.32000,0.77198,0.13601
0.68000,0.32000,0.77145,0.12698
0.70000,0.32000,0.73755,0.16294
0.72000,0.32000,0.67107,0.24408
0.74000,0.32000,0.57486,0.36242
0.76000,0.32000,0.46568,0.48963
0.78000,0.32000,0.37239,0.58849
0.80000,0.32000,0.31740,0.63955
0.82000,0.32000,0.30749,0.64505
0.84000,0.32000,0.33708,0.61696
0.86000,0.32000,0.39180,0.56987
0.88000,0.32000,0.45175,0.51925
0.90000,0.32000,0.49846,0.47922
0.92000,0.32000,0.52259,0.45812
0.94000,0.32000,0.52538,0.45627
0.96000,0.32000,0.51485,0.46722
0.98000,0.32000,0.50107,0.48138
1.00000,0.32000,0.49388,0.48873
0.00000,0.34000,0.53054,0.44069
0.02000,0.34000,0.55010,0.42257
0.04000,0.34000,0.56061,0.41239
0.06000,0.34000,0.53541,0.43484
0.08000,0.34000,0.47022,0.48991
0.10000,0.34000,0.37535,0.56305
0.12000,0.34000,0.27453,0.63439
0.14000,0.34000,0.19366,0.69060
0.16000,0.34000,0.14853,0.72689
0.18000,0.34000,0.14460,0.73964
0.20000,0.34000,0.18614,0.71848
0.22000,0.34000,0.27961,0.64676
0.24000,0.34000,0.42135,0.51678
0.26000,0.34000,0.57934,0.35427
0.28000,0.34000,0.70723,0.21055
0.30000,0.34000,0.78578,0.11560
0.32000,0.34000,0.82465,0.06674
0.34000,0.34000,0.83872,0.05118
0.36000,0.34000,0.83418,0.06245
0.38000,0.34000,0.80514,0.10503
0.40000,0.34000,0.73464,0.19278
0.42000,0.34000,0.60599,0.33634
0.44000,0.34000,0.43154,0.51551
0.46000,0.34000,0.26316,0.67581
0.48000,0.34000,0.14516,0.77875
0.50000,0.34000,0.08170,0.82750
0.52000,0.34000,0.05824,0.84110
0.54000,0.34000,0.06526,0.83167
0.56000,0.34000,0.10487,0.79855
0.58000,0.34000,0.18856,0.72957
0.60000,0.34000,0.32430,0.61122
0.62000,0.34000,0.49212,0.45286
0.64000,0.34000,0.64193,0.29782
0.66000,0.34000,0.73635,0.18790
0.68000,0.34000,0.77415,0.13358
0.70000,0.34000,0.76958,0.12853
0.72000,0.34000,0.73154,0.16923
0.74000,0.34000,0.66168,0.25518
0.76000,0.34000,0.56395,0.37560
0.78000,0.34000,0.45676,0.49959
0.80000,0.34000,0.36862,0.59205
0.82000,0.34000,0.32042,0.63652
0.84000,0.34000,0.31709,0.63687
0.86000,0.34000,0.35099,0.60604
0.88000,0.34000,0.40608,0.55906
0.90000,0.34000,0.46213,0.51153
0.92000,0.34000,0.50249,0.47661
0.94000,0.34000,0.52029,0.46105
0.96000,0.34000,0.51869,0.46331
0.98000,0.34000,0.50694,0.47530
1.00000,0.34000,0.49839,0.48391
0.00000,0.36000,0.51817,0.45341
0.02000,0.36000,0.54420,0.42766
0.04000,0.36000,0.57250,0.39845
0.06000,0.36000,0.57190,0.39769
0.08000,0.36000,0.53060,0.43491
0.10000,0.36000,0.44831,0.50417
0.12000,0.36000,0.34106,0.58634
0.14000,0.36000,0.23733,0.66023
0.16000,0.36000,0.16198,0.71432
0.18000,0.36000,0.12529,0.74662
0.20000,0.36000,0.12908,0.75482
0.22000,0.36000,0.17741,0.72847
0.24000,0.36000,0.27805,0.65003
0.26000,0.36000,0.42751,0.51226
0.28000,0.36000,0.59069,0.34490
0.30000,0.36000,0.72001,0.20115
0.32000,0.36000,0.79739,0.10881
0.34000,0.36000,0.83418,0.06245
0.36000,0.36000,0.84619,0.04831
0.38000,0.36000,0.83979,0.06036
0.40000,0.36000,0.80902,0.10376
0.42000,0.36000,0.73651,0.19297
0.44000,0.36000,0.60525,0.33876
0.46000,0.36000,0.42853,0.52004
0.48000,0.36000,0.25978,0.68132
0.50000,0.36000,0.14297,0.78380
0.52000,0.36000,0.08084,0.83093
0.54000,0.36000,0.05837,0.84229
0.56000,0.36000,0.06649,0.83055
0.58000,0.36000,0.10788,0.79535
0.60000,0.36000,0.19391,0.72455
0.62000,0.36000,0.33113,0.60487
0.64000,0.36000,0.49786,0.44702
0.66000,0.36000,0.64451,0.29486
0.68000,0.36000,0.73485,0.18905
0.70000,0.36000,0.76885,0.13846
0.72000,0.36000,0.76085,0.13720
0.74000,0.36000,0.72037,0.18181
0.76000,0.36000,0.64960,0.27013
0.78000,0.36000,0.55380,0.38836
0.80000,0.36000,0.45196,0.50564
0.82000,0.36000,0.37156,0.58992
0.84000,0.36000,0.33122,0.62762
0.86000,0.36000,0.33372,0.62392
0.88000,0.36000,0.36973,0.59197
0.90000,0.36000,0.42223,0.54706
0.92000,0.36000,0.47193,0.50435
0.94000,0.36000,0.50450,0.47583
0.96000,0.36000,0.51567,0.46617
0.98000,0.36000,0.51054,0.47161
1.00000,0.36000,0.50291,0.47918
0.00000,0.38000,0.50309,0.47066
0.02000,0.38000,0.53117,0.44130
0.04000,0.38000,0.57136,0.39762
0.06000,0.38000,0.59290,0.37315
0.08000,0.38000,0.58007,0.38463
0.10000,0.38000,0.52362,0.43659
0.12000,0.38000,0.42652,0.51872
0.14000,0.38000,0.31049,0.60824
0.16000,0.38000,0.20738,0.68306
0.18000,0.38000,0.13856,0.73422
0.20000,0.38000,0.10914,0.76254
0.22000,0.38000,0.11878,0.76677
0.24000,0.38000,0.17206,0.73613
0.26000,0.38000,0.27801,0.65231
0.28000,0.38000,0.43291,0.50874
0.30000,0.38000,0.59958,0.33831
0.32000,0.38000,0.72936,0.19518
0.34000,0.38000,0.80514,0.10503
0.36000,0.38000,0.83979,0.06036
0.38000,0.38000,0.84997,0.04713
0.40000,0.38000,0.84228,0.05971
0.42000,0.38000,0.81069,0.10361
0.44000,0.38000,0.73751,0.19344
0.46000,0.38000,0.60554,0.33977
0.48000,0.38000,0.42871,0.52119
0.50000,0.38000,0.26077,0.68202
0.52000,0.38000,0.14479,0.78342
0.54000,0.38000,0.08295,0.82900
0.56000,0.38000,0.06067,0.83883
0.58000,0.38000,0.06932,0.82616
0.60000,0.38000,0.11159,0.79079
0.62000,0.38000,0.19803,0.72047
0.64000,0.38000,0.33387,0.60222
0.66000,0.38000,0.49745,0.44731
0.68000,0.38000,0.64009,0.29926
0.70000,0.38000,0.72724,0.19666
0.72000,0.38000,0.75888,0.14845
0.74000,0.38000,0.74950,0.14945
0.76000,0.38000,0.70873,0.19585
0.78000,0.38000,0.63926,0.28354
0.80000,0.38000,0.54727,0.39720
0.82000,0.38000,0.45223,0.50689
0.84000,0.38000,0.37997,0.58344
0.86000,0.38000,0.34678,0.61549
0.88000,0.38000,0.35347,0.60898
0.90000,0.38000,0.38949,0.57721
0.92000,0.38000,0.43769,0.53542
0.94000,0.38000,0.47999,0.49843
0.96000,0.38000,0.50465,0.47657
0.98000,0.38000,0.50993,0.47212
1.00000,0.38000,0.50593,0.47610
0.00000,0.40000,0.48740,0.48925
0.02000,0.40000,0.51340,0.46093
0.04000,0.40000,0.55868,0.40978
0.06000,0.40000,0.59660,0.36551
0.08000,0.40000,0.61041,0.34880
0.10000,0.40000,0.58661,0.37253
0.12000,0.40000,0.51682,0.43822
0.14000,0.40000,0.40742,0.53195
0.16000,0.40000,0.28575,0.62734
0.18000,0.40000,0.18483,0.70216
0.20000,0.40000,0.12186,0.75041
0.22000,0.40000,0.09788,0.77541
0.24000,0.40000,0.11148,0.77666
0.26000,0.40000,0.16787,0.74302
0.28000,0.40000,0.27722,0.65528
0.30000,0.40000,0.43559,0.50795
0.32000,0.40000,0.60462,0.33561
0.34000,0.40000,0.73464,0.19278
0.36000,0.40000,0.80902,0.10376
0.38000,0.40000,0.84228,0.05971
0.40000,0.40000,0.85156,0.04674
0.42000,0.40000,0.84376,0.05930
0.44000,0.40000,0.81270,0.10285
0.46000,0.40000,0.74044,0.19177
0.48000,0.40000,0.60961,0.33671
0.50000,0.40000,0.43390,0.51703
0.52000,0.40000,0.26626,0.67754
0.54000,0.40000,0.14946,0.77883
0.56000,0.40000,0.08645,0.82422
0.58000,0.40000,0.06334,0.83428
0.60000,0.40000,0.07158,0.82254
0.62000,0.40000,0.11326,0.78870
0.64000,0.40000,0.19810,0.72030
0.66000,0.40000,0.33113,0.60468
0.68000,0.40000,0.49149,0.45312
0.70000,0.40000,0.63170,0.30804
0.72000,0.40000,0.71755,0.20691
0.74000,0.40000,0.74866,0.15952
0.76000,0.40000,0.73937,0.16131
0.78000,0.40000,0.69924,0.20794
0.80000,0.40000,0.63142,0.29397
0.82000,0.40000,0.54343,0.40303
0.84000,0.40000,0.45501,0.50595
0.86000,0.40000,0.39050,0.57555
0.88000,0.40000,0.36356,0.60265
0.90000,0.40000,0.37340,0.59380
0.92000,0.40000,0.40861,0.56252
0.94000,0.40000,0.45190,0.52432
0.96000,0.40000,0.48679,0.49324
0.98000,0.40000,0.50398,0.47776
1.00000,0.40000,0.50593,0.47609
0.00000,0.42000,0.47301,0.50590
0.02000,0.42000,0.49347,0.48312
0.04000,0.42000,0.53732,0.43259
0.06000,0.42000,0.58482,0.37558
0.08000,0.42000,0.61939,0.33354
0.10000,0.42000,0.62663,0.32479
0.12000,0.42000,0.59336,0.36010
0.14000,0.42000,0.51187,0.43867
0.16000,0.42000,0.39227,0.54302
0.18000,0.42000,0.26660,0.64346
0.20000,0.42000,0.16802,0.71808
0.22000,0.42000,0.10945,0.76404
0.24000,0.42000,0.08916,0.78672
0.26000,0.42000,0.10509,0.78615
0.28000,0.42000,0.16312,0.75054
0.30000,0.42000,0.27416,0.66044
0.32000,0.42000,0.43477,0.51059
0.34000,0.42000,0.60599,0.33634
0.36000,0.42000,0.73651,0.19297
0.38000,0.42000,0.81069,0.10361
0.40000,0.42000,0.84376,0.05930
0.42000,0.42000,0.85350,0.04601
0.44000,0.42000,0.84682,0.05795
0.46000,0.42000,0.81731,0.10018
0.48000,0.42000,0.74683,0.18686
0.50000,0.42000,0.61769,0.32944
0.52000,0.42000,0.44256,0.50904
0.54000,0.42000,0.27346,0.67077
0.56000,0.42000,0.15414,0.77368
0.58000,0.42000,0.08900,0.82053
0.60000,0.42000,0.06451,0.83228
0.62000,0.42000,0.07168,0.82240
0.64000,0.42000,0.11199,0.79023
0.66000,0.42000,0.19478,0.72334
0.68000,0.42000,0.32578,0.60927
0.70000,0.42000,0.48455,0.45984
0.72000,0.42000,0.62413,0.31615
0.74000,0.42000,0.70973,0.21558
0.76000,0.42000,0.74066,0.16868
0.78000,0.42000,0.73129,0.17120
0.80000,0.42000,0.69100,0.21846
0.82000,0.42000,0.62398,0.30372
0.84000,0.42000,0.53935,0.40930
0.86000,0.42000,0.45748,0.50572
0.88000,0.42000,0.40052,0.56836
0.90000,0.42000,0.37977,0.59013
0.92000,0.42000,0.39280,0.57854
0.94000,0.42000,0.42708,0.54767
0.96000,0.42000,0.46548,0.51310
0.98000,0.42000,0.49290,0.48813
1.00000,0.42000,0.50186,0.47988
0.00000,0.44000,0.46175,0.51800
0.02000,0.44000,0.47405,0.50429
0.04000,0.44000,0.51052,0.46222
0.06000,0.44000,0.56084,0.40132
0.08000,0.44000,0.60938,0.34056
0.10000,0.44000,0.64118,0.30134
0.12000,0.44000,0.64280,0.30052
0.14000,0.44000,0.60110,0.34698
0.16000,0.44000,0.50903,0.43793
0.18000,0.44000,0.38034,0.55244
0.20000,0.44000,0.25146,0.65743
0.22000,0.44000,0.15447,0.73220
0.24000,0.44000,0.09906,0.77670
0.26000,0.44000,0.08126,0.79806
0.28000,0.44000,0.09851,0.79643
0.30000,0.44000,0.15711,0.75963
0.32000,0.44000,0.26890,0.66782
0.34000,0.44000,0.43154,0.51551
0.36000,0.44000,0.60525,0.33876
0.38000,0.44000,0.73751,0.19344
0.40000,0.44000,0.81270,0.10285
0.42000,0.44000,0.84681,0.05795
0.44000,0.44000,0.85799,0.04415
0.46000,0.44000,0.85283,0.05522
0.48000,0.44000,0.82466,0.09576
0.50000,0.44000,0.75528,0.18005
0.52000,0.44000,0.62675,0.32094
0.54000,0.44000,0.45051,0.50140
0.56000,0.44000,0.27836,0.66595
0.58000,0.44000,0.15597,0.77155
0.60000,0.44000,0.08897,0.82052
0.62000,0.44000,0.06353,0.83395
0.64000,0.44000,0.06998,0.82506
0.66000,0.44000,0.10941,0.79305
0.68000,0.44000,0.19161,0.72559
0.70000,0.44000,0.32250,0.61139
0.72000,0.44000,0.48141,0.46263
0.74000,0.44000,0.62047,0.32011
0.76000,0.44000,0.70471,0.22107
0.78000,0.44000,0.73428,0.17600
0.80000,0.44000,0.72327,0.18086
0.82000,0.44000,0.68139,0.23046
0.84000,0.44000,0.61425,0.31642
0.86000,0.44000,0.53308,0.41855
0.88000,0.44000,0.45814,0.50778
0.90000,0.44000,0.40937,0.56227
0.92000,0.44000,0.39550,0.57763
0.94000,0.44000,0.41213,0.56264
0.96000,0.44000,0.44558,0.53195
0.98000,0.44000,0.47841,0.50157
1.00000,0.44000,0.49363,0.48730
0.00000,0.46000,0.45529,0.52398
0.02000,0.46000,0.45798,0.52111
0.04000,0.46000,0.48190,0.49381
0.06000,0.46000,0.52812,0.43852
0.08000,0.46000,0.58398,0.36828
0.10000,0.46000,0.63344,0.30471
0.12000,0.46000,0.66265,0.26922
0.14000,0.46000,0.65909,0.27663
0.16000,0.46000,0.60937,0.33416
0.18000,0.46000,0.50714,0.43732
0.20000,0.46000,0.37014,0.56133
0.22000,0.46000,0.23798,0.67079
0.24000,0.46000,0.14216,0.74604
0.26000,0.46000,0.08937,0.78973
0.28000,0.46000,0.07356,0.81030
0.30000,0.46000,0.09171,0.80781
0.32000,0.46000,0.15054,0.76971
0.34000,0.46000,0.26316,0.67581
0.36000,0.46000,0.42853,0.52004
0.38000,0.46000,0.60554,0.33977
0.40000,0.46000,0.74044,0.19177
0.42000,0.46000,0.81732,0.10018
0.44000,0.46000,0.85284,0.05522
0.46000,0.46000,0.86524,0.04134
0.48000,0.46000,0.86074,0.05178
0.50000,0.46000,0.83249,0.09110
0.52000,0.46000,0.76236,0.17433
0.54000,0.46000,0.63215,0.31579
0.56000,0.46000,0.45313,0.49878
0.58000,0.46000,0.27787,0.66634
0.60000,0.46000,0.15397,0.77366
0.62000,0.46000,0.08672,0.82356
0.64000,0.46000,0.06156,0.83702
0.66000,0.46000,0.06834,0.82713
0.68000,0.46000,0.10842,0.79308
0.70000,0.46000,0.19210,0.72330
0.72000,0.46000,0.32475,0.60780
0.74000,0.46000,0.48378,0.45980
0.76000,0.46000,0.62023,0.32013
0.78000,0.46000,0.70082,0.22502
0.80000,0.46000,0.72693,0.18416
0.82000,0.46000,0.71269,0.19356
0.84000,0.46000,0.66827,0.24726
0.86000,0.46000,0.60110,0.33416
0.88000,0.46000,0.52411,0.43172
0.90000,0.46000,0.45722,0.51183
0.92000,0.46000,0.41774,0.55653
0.94000,0.46000,0.41159,0.56429
0.96000,0.46000,0.43207,0.54529
0.98000,0.46000,0.46349,0.51548
1.00000,0.46000,0.48236,0.49729
0.00000,0.48000,0.45477,0.52355
0.02000,0.48000,0.44793,0.53101
0.04000,0.48000,0.45578,0.52192
0.06000,0.48000,0.49080,0.48095
0.08000,0.48000,0.54650,0.41236
0.10000,0.48000,0.60728,0.33377
0.12000,0.48000,0.65703,0.26923
0.14000,0.48000,0.68344,0.23885
0.16000,0.48000,0.67459,0.25506
0.18000,0.48000,0.61683,0.32363
0.20000,0.48000,0.50471,0.43836
0.22000,0.48000,0.35959,0.57133
0.24000,0.48000,0.22454,0.68479
0.26000,0.48000,0.13022,0.76050
0.28000,0.48000,0.08020,0.80350
0.30000,0.48000,0.06648,0.82300
0.32000,0.48000,0.08565,0.81898
0.34000,0.48000,0.14516,0.77875
0.36000,0.48000,0.25978,0.68132
0.38000,0.48000,0.42871,0.52119
0.40000,0.48000,0.60960,0.33671
0.42000,0.48000,0.74683,0.18686
0.44000,0.48000,0.82467,0.09575
0.46000,0.48000,0.86073,0.05178
0.48000,0.48000,0.87286,0.03857
0.50000,0.48000,0.86719,0.04908
0.52000,0.48000,0.83708,0.08836
0.54000,0.48000,0.76445,0.17251
0.56000,0.48000,0.63131,0.31638
0.58000,0.48000,0.44915,0.50248
0.60000,0.48000,0.27292,0.67092
0.62000,0.48000,0.14986,0.77776
0.64000,0.48000,0.08419,0.82637
0.66000,0.48000,0.06050,0.83778
0.68000,0.48000,0.06873,0.82509
0.70000,0.48000,0.11107,0.78776
0.72000,0.48000,0.19789,0.71513
0.74000,0.48000,0.33270,0.59870
0.76000,0.48000,0.49004,0.45309
0.78000,0.48000,0.62081,0.31916
0.80000,0.48000,0.69536,0.23061
0.82000,0.48000,0.71642,0.19630
0.84000,0.48000,0.69806,0.21208
0.86000,0.48000,0.65112,0.27046
0.88000,0.48000,0.58472,0.35720
0.90000,0.48000,0.51329,0.44776
0.92000,0.48000,0.45577,0.51658
0.94000,0.48000,0.42673,0.54988
0.96000,0.48000,0.42873,0.54916
0.98000,0.48000,0.45162,0.52682
1.00000,0.48000,0.47030,0.50813
0.00000,0.50000,0.46018,0.51766
0.02000,0.50000,0.44568,0.53279
0.04000,0.50000,0.43671,0.54155
0.06000,0.50000,0.45458,0.52081
0.08000,0.50000,0.50125,0.46539
0.10000,0.50000,0.56570,0.38431
0.12000,0.50000,0.63021,0.29968
0.14000,0.50000,0.67939,0.23656
0.16000,0.50000,0.70241,0.21278
0.18000,0.50000,0.68796,0.23805
0.20000,0.50000,0.62196,0.31715
0.22000,0.50000,0.50011,0.44256
0.24000,0.50000,0.34763,0.58328
0.26000,0.50000,0.21081,0.69975
0.28000,0.50000,0.11908,0.77520
0.30000,0.50000,0.07239,0.81675
0.32000,0.50000,0.06104,0.83414
0.34000,0.50000,0.08170,0.82750
0.36000,0.50000,0.14297,0.78380
0.38000,0.50000,0.26077,0.68202
0.40000,0.50000,0.43389,0.51703
0.42000,0.50000,0.61769,0.32944
0.44000,0.50000,0.75528,0.18006
0.46000,0.50000,0.83249,0.09110
0.48000,0.50000,0.86720,0.04907
0.50000,0.50000,0.87729,0.03698
0.52000,0.50000,0.86905,0.04825
0.54000,0.50000,0.83604,0.08880
0.56000,0.50000,0.76053,0.17539
0.58000,0.50000,0.62463,0.32244
0.60000,0.50000,0.44140,0.50960
0.62000,0.50000,0.26677,0.67624
0.64000,0.50000,0.14659,0.78009
0.66000,0.50000,0.08349,0.82555
0.68000,0.50000,0.06172,0.83373
0.70000,0.50000,0.07219,0.81770
0.72000,0.50000,0.11780,0.77719
0.74000,0.50000,0.20826,0.70245
0.76000,0.50000,0.34427,0.58645
0.78000,0.50000,0.49698,0.44594
0.80000,0.50000,0.61975,0.32025
0.82000,0.50000,0.68669,0.24053
0.84000,0.50000,0.70188,0.21449
0.86000,0.50000,0.67941,0.23743
0.88000,0.50000,0.63059,0.29975
0.90000,0.50000,0.56627,0.38383
0.92000,0.50000,0.50186,0.46474
0.94000,0.50000,0.45513,0.52026
0.96000,0.50000,0.43711,0.54120
0.98000,0.50000,0.44587,0.53266
1.00000,0.50000,0.46026,0.51765
0.00000,0.52000,0.47014,0.50821
0.02000,0.52000,0.45133,0.52702
0.04000,0.52000,0.42823,0.54957
0.06000,0.52000,0.42612,0.55044
0.08000,0.52000,0.45520,0.51709
0.10000,0.52000,0.51294,0.44790
0.12000,0.52000,0.58473,0.35656
0.14000,0.52000,0.65162,0.26881
0.16000,0.52000,0.69917,0.20952
0.18000,0.52000,0.71818,0.19312
0.20000,0.52000,0.69774,0.22707
0.22000,0.52000,0.62367,0.31558
0.24000,0.52000,0.49288,0.45004
0.26000,0.52000,0.33461,0.59666
0.28000,0.52000,0.19828,0.71423
0.30000,0.52000,0.11022,0.78815
0.32000,0.52000,0.06713,0.82695
0.34000,0.52000,0.05824,0.84110
0.36000,0.52000,0.08084,0.83093
0.38000,0.52000,0.14479,0.78342
0.40000,0.52000,0.26626,0.67754
0.42000,0.52000,0.44256,0.50904
0.44000,0.52000,0.62675,0.32094
0.46000,0.52000,0.76236,0.17433
0.48000,0.52000,0.83708,0.08836
0.50000,0.52000,0.86904,0.04825
0.52000,0.52000,0.87630,0.03724
0.54000,0.52000,0.86535,0.04964
0.56000,0.52000,0.83001,0.09212
0.58000,0.52000,0.75272,0.18139
0.60000,0.52000,0.61581,0.33032
0.62000,0.52000,0.43406,0.51595
0.64000,0.52000,0.26299,0.67849
0.66000,0.52000,0.14631,0.77805
0.68000,0.52000,0.08555,0.81980
0.70000,0.52000,0.06562,0.82491
0.72000,0.52000,0.07861,0.80609
0.74000,0.52000,0.12775,0.76335
0.76000,0.52000,0.22143,0.68760
0.78000,0.52000,0.35662,0.57397
0.80000,0.52000,0.50268,0.44062
0.82000,0.52000,0.61592,0.32525
0.84000,0.52000,0.67451,0.25591
0.86000,0.52000,0.68384,0.23897
0.88000,0.52000,0.65767,0.26877
0.90000,0.52000,0.60795,0.33299
0.92000,0.52000,0.54708,0.41160
0.94000,0.52000,0.49123,0.48042
0.96000,0.52000,0.45603,0.52166
0.98000,0.52000,0.44801,0.53094
1.00000,0.52000,0.45477,0.52357
0.00000,0.54000,0.48214,0.49744
0.02000,0.54000,0.46315,0.51576
0.04000,0.54000,0.43155,0.54573
0.06000,0.54000,0.41103,0.56481
0.08000,0.54000,0.41735,0.55689
0.10000,0.54000,0.45721,0.51169
0.12000,0.54000,0.52462,0.43062
0.14000,0.54000,0.60220,0.33185
0.16000,0.54000,0.67000,0.24397
0.18000,0.54000,0.71497,0.18987
0.20000,0.54000,0.72952,0.18056
0.22000,0.54000,0.70335,0.22186
0.24000,0.54000,0.62213,0.31793
0.26000,0.54000,0.48429,0.45910
0.28000,0.54000,0.32341,0.60868
0.30000,0.54000,0.18938,0.72549
0.32000,0.54000,0.10527,0.79650
0.34000,0.54000,0.06526,0.83167
0.36000,0.54000,0.05837,0.84229
0.38000,0.54000,0.08295,0.82900
0.40000,0.54000,0.14946,0.77883
0.42000,0.54000,0.27346,0.67077
0.44000,0.54000,0.45052,0.50138
0.46000,0.54000,0.63217,0.31577
0.48000,0.54000,0.76445,0.17251
0.50000,0.54000,0.83604,0.08880
0.52000,0.54000,0.86535,0.04963
0.54000,0.54000,0.87043,0.03920
0.56000,0.54000,0.85798,0.05261
0.58000,0.54000,0.82196,0.09673
0.60000,0.54000,0.74445,0.18773
0.62000,0.54000,0.60872,0.33632
0.64000,0.54000,0.43020,0.51847
0.66000,0.54000,0.26308,0.67625
0.68000,0.54000,0.14939,0.77147
0.70000,0.54000,0.09015,0.81030
0.72000,0.54000,0.07176,0.81309
0.74000,0.54000,0.08723,0.79242
0.76000,0.54000,0.13972,0.74832
0.78000,0.54000,0.23567,0.67255
0.80000,0.54000,0.36858,0.56259
0.82000,0.54000,0.50659,0.43802
0.84000,0.54000,0.60959,0.33425
0.86000,0.54000,0.65971,0.27617
0.88000,0.54000,0.66340,0.26839
0.90000,0.54000,0.63411,0.30376
0.92000,0.54000,0.58448,0.36749
0.94000,0.54000,0.52841,0.43804
0.96000,0.54000,0.48201,0.49363
0.98000,0.54000,0.45796,0.52111
1.00000,0.54000,0.45523,0.52404
0.00000,0.56000,0.49336,0.48753
0.02000,0.56000,0.47805,0.50190
0.04000,0.56000,0.44513,0.53238
0.06000,0.56000,0.41177,0.56304
0.08000,0.56000,0.39546,0.57779
0.10000,0.56000,0.40987,0.56187
0.12000,0.56000,0.45926,0.50640
0.14000,0.56000,0.53483,0.41591
0.16000,0.56000,0.61654,0.31274
0.18000,0.56000,0.68404,0.22655
0.20000,0.56000,0.72593,0.17753
0.22000,0.56000,0.73643,0.17371
0.24000,0.56000,0.70570,0.22024
0.26000,0.56000,0.61955,0.32126
0.28000,0.56000,0.47810,0.46588
0.30000,0.56000,0.31735,0.61598
0.32000,0.56000,0.18617,0.73077
0.34000,0.56000,0.10487,0.79855
0.36000,0.56000,0.06649,0.83055
0.38000,0.56000,0.06067,0.83883
0.40000,0.56000,0.08645,0.82422
0.42000,0.56000,0.15416,0.77365
0.44000,0.56000,0.27836,0.66596
0.46000,0.56000,0.45313,0.49878
0.48000,0.56000,0.63131,0.31638
0.50000,0.56000,0.76053,0.17539
0.52000,0.56000,0.83001,0.09213
0.54000,0.56000,0.85797,0.05262
0.56000,0.56000,0.86249,0.04206
0.58000,0.56000,0.85021,0.05593
0.60000,0.56000,0.81484,0.10088
0.62000,0.56000,0.73845,0.19208
0.64000,0.56000,0.60496,0.33880
0.66000,0.56000,0.42993,0.51713
0.68000,0.56000,0.26649,0.67036
0.70000,0.56000,0.15468,0.76240
0.72000,0.56000,0.09638,0.79908
0.74000,0.56000,0.07935,0.80034
0.76000,0.56000,0.09728,0.77838
0.78000,0.56000,0.15297,0.73320
0.80000,0.56000,0.25059,0.65784
0.82000,0.56000,0.38027,0.55237
0.84000,0.56000,0.50956,0.43745
0.86000,0.56000,0.60186,0.34617
0.88000,0.56000,0.64355,0.29954
0.90000,0.56000,0.64178,0.30041
0.92000,0.56000,0.60976,0.33986
0.94000,0.56000,0.56100,0.40094
0.96000,0.56000,0.51051,0.46212
0.98000,0.56000,0.47396,0.50434
1.00000,0.56000,0.46165,0.51808
0.00000,0.58000,0.50156,0.48018
0.02000,0.58000,0.49254,0.48849
0.04000,0.58000,0.46516,0.51346
0.06000,0.58000,0.42704,0.54788
0.08000,0.58000,0.39328,0.57839
0.10000,0.58000,0.38093,0.58940
0.12000,0.58000,0.40236,0.56678
0.14000,0.58000,0.45986,0.50308
0.16000,0.58000,0.54202,0.40577
0.18000,0.58000,0.62666,0.30013
0.20000,0.58000,0.69332,0.21583
0.22000,0.58000,0.73273,0.17015
0.24000,0.58000,0.74064,0.16948
0.26000,0.58000,0.70771,0.21857
0.28000,0.58000,0.61964,0.32154
0.30000,0.58000,0.47774,0.46686
0.32000,0.58000,0.31824,0.61637
0.34000,0.58000,0.18856,0.72957
0.36000,0.58000,0.10788,0.79535
0.38000,0.58000,0.06932,0.82616
0.40000,0.58000,0.06334,0.83428
0.42000,0.58000,0.08902,0.82048
0.44000,0.58000,0.15596,0.77158
0.46000,0.58000,0.27787,0.66634
0.48000,0.58000,0.44915,0.50248
0.50000,0.58000,0.62463,0.32244
0.52000,0.58000,0.75272,0.18139
0.54000,0.58000,0.82195,0.09673
0.56000,0.58000,0.85022,0.05593
0.58000,0.58000,0.85553,0.04476
0.60000,0.58000,0.84437,0.05855
0.62000,0.58000,0.81005,0.10357
0.64000,0.58000,0.73485,0.19411
0.66000,0.58000,0.60339,0.33882
0.68000,0.58000,0.43153,0.51375
0.70000,0.58000,0.27104,0.66338
0.72000,0.58000,0.16067,0.75287
0.74000,0.58000,0.10332,0.78786
0.76000,0.58000,0.08788,0.78776
0.78000,0.58000,0.10863,0.76442
0.80000,0.58000,0.16778,0.71790
0.82000,0.58000,0.26702,0.64291
0.84000,0.58000,0.39312,0.54223
0.86000,0.58000,0.51276,0.43777
0.88000,0.58000,0.59406,0.35920
0.90000,0.58000,0.62709,0.32403
0.92000,0.58000,0.61962,0.33303
0.94000,0.58000,0.58486,0.37535
0.96000,0.58000,0.53724,0.43258
0.98000,0.58000,0.49335,0.48321
1.00000,0.58000,0.47290,0.50599
0.00000,0.60000,0.50561,0.47643
0.02000,0.60000,0.50366,0.47811
0.04000,0.60000,0.48663,0.49347
0.06000,0.60000,0.45221,0.52425
0.08000,0.60000,0.40965,0.56198
0.10000,0.60000,0.37527,0.59265
0.12000,0.60000,0.36611,0.60081
0.14000,0.60000,0.39337,0.57303
0.16000,0.60000,0.45777,0.50302
0.18000,0.60000,0.54569,0.40042
0.20000,0.60000,0.63283,0.29271
0.22000,0.60000,0.69946,0.20865
0.24000,0.60000,0.73803,0.16402
0.26000,0.60000,0.74554,0.16416
0.28000,0.60000,0.71254,0.21350
0.30000,0.60000,0.62482,0.31617
0.32000,0.60000,0.48361,0.46132
0.34000,0.60000,0.32430,0.61122
0.36000,0.60000,0.19391,0.72455
0.38000,0.60000,0.11160,0.79080
0.40000,0.60000,0.07158,0.82255
0.42000,0.60000,0.06451,0.83228
0.44000,0.60000,0.08898,0.82052
0.46000,0.60000,0.15397,0.77366
0.48000,0.60000,0.27292,0.67092
0.50000,0.60000,0.44140,0.50960
0.52000,0.60000,0.61581,0.33032
0.54000,0.60000,0.74445,0.18773
0.56000,0.60000,0.81484,0.10088
0.58000,0.60000,0.84437,0.05855
0.60000,0.60000,0.85087,0.04668
0.62000,0.60000,0.84056,0.06026
0.64000,0.60000,0.80663,0.10516
0.66000,0.60000,0.73184,0.19524
0.68000,0.60000,0.60151,0.33877
0.70000,0.60000,0.43254,0.51088
0.72000,0.60000,0.27482,0.65731
0.74000,0.60000,0.16633,0.74414
0.76000,0.60000,0.11065,0.77708
0.78000,0.60000,0.09759,0.77527
0.80000,0.60000,0.12209,0.74985
0.82000,0.60000,0.18558,0.70136
0.84000,0.60000,0.28681,0.62648
0.86000,0.60000,0.40842,0.53114
0.88000,0.60000,0.51750,0.43753
0.90000,0.60000,0.58695,0.37203
0.92000,0.60000,0.61050,0.34853
0.94000,0.60000,0.59654,0.36545
0.96000,0.60000,0.55855,0.40985
0.98000,0.60000,0.51328,0.46104
1.00000,0.60000,0.48731,0.48934
0.00000,0.62000,0.50563,0.47642
0.02000,0.62000,0.50968,0.47239
0.04000,0.62000,0.50469,0.47661
0.06000,0.62000,0.48064,0.49803
0.08000,0.62000,0.43921,0.53444
0.10000,0.62000,0.39193,0.57560
0.12000,0.62000,0.35651,0.60684
0.14000,0.62000,0.34984,0.61307
0.16000,0.62000,0.38239,0.58118
0.18000,0.62000,0.45350,0.50558
0.20000,0.62000,0.54715,0.39779
0.22000,0.62000,0.63771,0.28655
0.24000,0.62000,0.70574,0.20087
0.26000,0.62000,0.74514,0.15570
0.28000,0.62000,0.75344,0.15547
0.30000,0.62000,0.72110,0.20422
0.32000,0.62000,0.63376,0.30658
0.34000,0.62000,0.49213,0.45285
0.36000,0.62000,0.33111,0.60489
0.38000,0.62000,0.19803,0.72047
0.40000,0.62000,0.11326,0.78871
0.42000,0.62000,0.07168,0.82241
0.44000,0.62000,0.06353,0.83394
0.46000,0.62000,0.08672,0.82356
0.48000,0.62000,0.14986,0.77776
0.50000,0.62000,0.26676,0.67624
0.52000,0.62000,0.43406,0.51595
0.54000,0.62000,0.60872,0.33632
0.56000,0.62000,0.73845,0.19208
0.58000,0.62000,0.81005,0.10357
0.60000,0.62000,0.84056,0.06026
0.62000,0.62000,0.84756,0.04800
0.64000,0.62000,0.83709,0.06166
0.66000,0.62000,0.80249,0.10693
0.68000,0.62000,0.72690,0.19759
0.70000,0.62000,0.59735,0.34068
0.72000,0.62000,0.43117,0.51034
0.74000,0.62000,0.27702,0.65293
0.76000,0.62000,0.17176,0.73604
0.78000,0.62000,0.11898,0.76623
0.80000,0.62000,0.10972,0.76175
0.82000,0.62000,0.13946,0.73335
0.84000,0.62000,0.20846,0.68225
0.86000,0.62000,0.31147,0.60761
0.88000,0.62000,0.42713,0.51828
0.90000,0.62000,0.52385,0.43635
0.92000,0.62000,0.58005,0.38457
0.94000,0.62000,0.59277,0.37323
0.96000,0.62000,0.57121,0.39775
0.98000,0.62000,0.53107,0.44142
1.00000,0.62000,0.50303,0.47074
0.00000,0.64000,0.50266,0.47942
0.02000,0.64000,0.51042,0.47173
0.04000,0.64000,0.51594,0.46593
0.06000,0.64000,0.50545,0.47504
0.08000,0.64000,0.47377,0.50294
0.10000,0.64000,0.42492,0.54509
0.12000,0.64000,0.37282,0.58967
0.14000,0.64000,0.33641,0.62167
0.16000,0.64000,0.33271,0.62603
0.18000,0.64000,0.37129,0.58980
0.20000,0.64000,0.44977,0.50792
0.22000,0.64000,0.55001,0.39353
0.24000,0.64000,0.64474,0.27744
0.26000,0.64000,0.71485,0.18964
0.28000,0.64000,0.75516,0.14437
0.30000,0.64000,0.76359,0.14465
0.32000,0.64000,0.73061,0.19402
0.34000,0.64000,0.64193,0.29779
0.36000,0.64000,0.49789,0.44699
0.38000,0.64000,0.33388,0.60222
0.40000,0.64000,0.19810,0.72029
0.42000,0.64000,0.11199,0.79023
0.44000,0.64000,0.06998,0.82506
0.46000,0.64000,0.06156,0.83702
0.48000,0.64000,0.08419,0.82637
0.50000,0.64000,0.14659,0.78010
0.52000,0.64000,0.26299,0.67849
0.54000,0.64000,0.43020,0.51847
0.56000,0.64000,0.60496,0.33880
0.58000,0.64000,0.73485,0.19411
0.60000,0.64000,0.80662,0.10516
0.62000,0.64000,0.83709,0.06166
0.64000,0.64000,0.84352,0.04954
0.66000,0.64000,0.83185,0.06381
0.68000,0.64000,0.79560,0.11033
0.70000,0.64000,0.71874,0.20259
0.72000,0.64000,0.58992,0.34581
0.74000,0.64000,0.42730,0.51238
0.76000,0.64000,0.27838,0.64954
0.78000,0.64000,0.17808,0.72768
0.80000,0.64000,0.12993,0.75395
0.82000,0.64000,0.12624,0.74580
0.84000,0.64000,0.16295,0.71367
0.86000,0.64000,0.23814,0.65980
0.88000,0.64000,0.34153,0.58614
0.90000,0.64000,0.44843,0.50414
0.92000,0.64000,0.53050,0.43501
0.94000,0.64000,0.57173,0.39786
0.96000,0.64000,0.57236,0.39861
0.98000,0.64000,0.54412,0.42776
1.00000,0.64000,0.51814,0.45347
0.00000,0.66000,0.49824,0.48403
0.02000,0.66000,0.50699,0.47521
0.04000,0.66000,0.51924,0.46272
0.06000,0.66000,0.52153,0.45984
0.08000,0.66000,0.50449,0.47482
0.10000,0.66000,0.46471,0.50938
0.12000,0.66000,0.40867,0.55689
0.14000,0.66000,0.35267,0.60431
0.16000,0.66000,0.31701,0.63615
0.18000,0.66000,0.31813,0.63748
0.20000,0.66000,0.36414,0.59545
0.22000,0.66000,0.45069,0.50592
0.24000,0.66000,0.55727,0.38420
0.26000,0.66000,0.65532,0.26398
0.28000,0.66000,0.72609,0.17627
0.30000,0.66000,0.76555,0.13321
0.32000,0.66000,0.77198,0.13601
0.34000,0.66000,0.73634,0.18790
0.36000,0.66000,0.64451,0.29488
0.38000,0.66000,0.49742,0.44734
0.40000,0.66000,0.33111,0.60469
0.42000,0.66000,0.19478,0.72334
0.44000,0.66000,0.10941,0.79305
0.46000,0.66000,0.06834,0.82713
0.48000,0.66000,0.06050,0.83778
0.50000,0.66000,0.08349,0.82555
0.52000,0.66000,0.14631,0.77805
0.54000,0.66000,0.26308,0.67625
0.56000,0.66000,0.42993,0.51713
0.58000,0.66000,0.60340,0.33882
0.60000,0.66000,0.73184,0.19524
0.62000,0.66000,0.80249,0.10693
0.64000,0.66000,0.83186,0.06380
0.66000,0.66000,0.83690,0.05222
0.68000,0.66000,0.82347,0.06761
0.70000,0.66000,0.78525,0.11626
0.72000,0.66000,0.70724,0.21076
0.74000,0.66000,0.57980,0.35387
0.76000,0.66000,0.42219,0.51594
0.78000,0.66000,0.28065,0.64582
0.80000,0.66000,0.18718,0.71763
0.82000,0.66000,0.14554,0.73896
0.84000,0.66000,0.14932,0.72645
0.86000,0.66000,0.19422,0.69040
0.88000,0.66000,0.27478,0.63438
0.90000,0.66000,0.37532,0.56318
0.92000,0.66000,0.47005,0.49010
0.94000,0.66000,0.53523,0.43503
0.96000,0.66000,0.56048,0.41253
0.98000,0.66000,0.55006,0.42265
1.00000,0.66000,0.53053,0.44073
0.00000,0.68000,0.49386,0.48869
0.02000,0.68000,0.50134,0.48104
0.04000,0.68000,0.51570,0.46628
0.06000,0.68000,0.52688,0.45468
0.08000,0.68000,0.52463,0.45608
0.10000,0.68000,0.50066,0.47714
0.12000,0.68000,0.45341,0.51760
0.14000,0.68000,0.39196,0.56911
0.16000,0.68000,0.33497,0.61750
0.18000,0.68000,0.30292,0.64727
0.20000,0.68000,0.31080,0.64377
0.22000,0.68000,0.36459,0.59491
0.24000,0.68000,0.45790,0.49780
0.26000,0.68000,0.56834,0.37061
0.28000,0.68000,0.66656,0.25004
0.30000,0.68000,0.73527,0.16574
0.32000,0.68000,0.77146,0.12698
0.34000,0.68000,0.77416,0.13358
0.36000,0.68000,0.73485,0.18905
0.38000,0.68000,0.64009,0.29926
0.40000,0.68000,0.49149,0.45312
0.42000,0.68000,0.32578,0.60927
0.44000,0.68000,0.19161,0.72559
0.46000,0.68000,0.10842,0.79308
0.48000,0.68000,0.06873,0.82509
0.50000,0.68000,0.06172,0.83373
0.52000,0.68000,0.08555,0.81980
0.54000,0.68000,0.14939,0.77147
0.56000,0.68000,0.26648,0.67036
0.58000,0.68000,0.43153,0.51375
0.60000,0.68000,0.60151,0.33877
0.62000,0.68000,0.72690,0.19760
0.64000,0.68000,0.79560,0.11033
0.66000,0.68000,0.82347,0.06761
0.68000,0.68000,0.82695,0.05667
0.70000,0.68000,0.81178,0.07362
0.72000,0.68000,0.77191,0.12485
0.74000,0.68000,0.69337,0.22163
0.76000,0.68000,0.56836,0.36378
0.78000,0.68000,0.41796,0.51926
0.80000,0.68000,0.28563,0.64046
0.82000,0.68000,0.20084,0.70494
0.84000,0.68000,0.16752,0.72073
0.86000,0.68000,0.18015,0.70382
0.88000,0.68000,0.23309,0.66435
0.90000,0.68000,0.31616,0.60745
0.92000,0.68000,0.40974,0.54036
0.94000,0.68000,0.48926,0.47774
0.96000,0.68000,0.53672,0.43699
0.98000,0.68000,0.54734,0.42703
1.00000,0.68000,0.53810,0.43478
0.00000,0.70000,0.49062,0.49220
0.02000,0.70000,0.49546,0.48719
0.04000,0.70000,0.50789,0.47428
0.06000,0.70000,0.52267,0.45896
0.08000,0.70000,0.53144,0.44973
0.10000,0.70000,0.52450,0.45551
0.12000,0.70000,0.49469,0.48149
0.14000,0.70000,0.44249,0.52578
0.16000,0.70000,0.37935,0.57870
0.18000,0.70000,0.32485,0.62574
0.20000,0.70000,0.29844,0.65170
0.22000,0.70000,0.31274,0.64300
0.24000,0.70000,0.37197,0.58840
0.26000,0.70000,0.46826,0.48666
0.28000,0.70000,0.57805,0.35887
0.30000,0.70000,0.67307,0.24203
0.32000,0.70000,0.73754,0.16294
0.34000,0.70000,0.76958,0.12853
0.36000,0.70000,0.76885,0.13846
0.38000,0.70000,0.72724,0.19666
0.40000,0.70000,0.63170,0.30804
0.42000,0.70000,0.48455,0.45984
0.44000,0.70000,0.32250,0.61139
0.46000,0.70000,0.19210,0.72330
0.48000,0.70000,0.11107,0.78776
0.50000,0.70000,0.07219,0.81770
0.52000,0.70000,0.06562,0.82491
0.54000,0.70000,0.09015,0.81030
0.56000,0.70000,0.15468,0.76240
0.58000,0.70000,0.27104,0.66338
0.60000,0.70000,0.43254,0.51088
0.62000,0.70000,0.59735,0.34068
0.64000,0.70000,0.71874,0.20259
0.66000,0.70000,0.78525,0.11626
0.68000,0.70000,0.81179,0.07362
0.70000,0.70000,0.81409,0.06323
0.72000,0.70000,0.79768,0.08189
0.74000,0.70000,0.75677,0.13578
0.76000,0.70000,0.67842,0.23443
0.78000,0.70000,0.55746,0.37399
0.80000,0.70000,0.41587,0.52150
0.82000,0.70000,0.29447,0.63298
0.84000,0.70000,0.21995,0.68960
0.86000,0.70000,0.19624,0.69997
0.88000,0.70000,0.21801,0.67909
0.90000,0.70000,0.27700,0.63708
0.92000,0.70000,0.35872,0.58054
0.94000,0.70000,0.44173,0.51897
0.96000,0.70000,0.50495,0.46739
0.98000,0.70000,0.53598,0.43983
1.00000,0.70000,0.53918,0.43632
0.00000,0.72000,0.48900,0.49402
0.02000,0.72000,0.49087,0.49204
0.04000,0.72000,0.49880,0.48373
0.06000,0.72000,0.51225,0.46970
0.08000,0.72000,0.52635,0.45504
0.10000,0.72000,0.53290,0.44797
0.12000,0.72000,0.52278,0.45657
0.14000,0.72000,0.49008,0.48491
0.16000,0.72000,0.43685,0.53015
0.18000,0.72000,0.37549,0.58218
0.20000,0.72000,0.32513,0.62658
0.22000,0.72000,0.30310,0.64923
0.24000,0.72000,0.32050,0.63742
0.26000,0.72000,0.38062,0.58076
0.28000,0.72000,0.47503,0.47945
0.30000,0.72000,0.58077,0.35551
0.32000,0.72000,0.67107,0.24408
0.34000,0.72000,0.73153,0.16923
0.36000,0.72000,0.76085,0.13720
0.38000,0.72000,0.75888,0.14845
0.40000,0.72000,0.71755,0.20691
0.42000,0.72000,0.62413,0.31615
0.44000,0.72000,0.48141,0.46263
0.46000,0.72000,0.32475,0.60780
0.48000,0.72000,0.19789,0.71513
0.50000,0.72000,0.11780,0.77719
0.52000,0.72000,0.07861,0.80609
0.54000,0.72000,0.07176,0.81309
0.56000,0.72000,0.09638,0.79908
0.58000,0.72000,0.16067,0.75287
0.60000,0.72000,0.27482,0.65731
0.62000,0.72000,0.43117,0.51034
0.64000,0.72000,0.58992,0.34581
0.66000,0.72000,0.70724,0.21076
0.68000,0.72000,0.77191,0.12485
0.70000,0.72000,0.79769,0.08189
0.72000,0.72000,0.79944,0.07190
0.74000,0.72000,0.78240,0.09229
0.76000,0.72000,0.74096,0.14867
0.78000,0.72000,0.66357,0.24839
0.80000,0.72000,0.54775,0.38421
0.82000,0.72000,0.41632,0.52268
0.84000,0.72000,0.30701,0.62397
0.86000,0.72000,0.24386,0.67282
0.88000,0.72000,0.23026,0.67807
0.90000,0.72000,0.26019,0.65369
0.92000,0.72000,0.32245,0.60971
0.94000,0.72000,0.39943,0.55429
0.96000,0.72000,0.47028,0.49888
0.98000,0.72000,0.51768,0.45843
1.00000,0.72000,0.53313,0.44446
0.00000,0.74000,0.48886,0.49426
0.02000,0.74000,0.48825,0.49483
0.04000,0.74000,0.49093,0.49195
0.06000,0.74000,0.49974,0.48271
0.08000,0.74000,0.51366,0.46816
0.10000,0.74000,0.52773,0.45347
0.12000,0.74000,0.53385,0.44667
0.14000,0.74000,0.52344,0.45543
0.16000,0.74000,0.49120,0.48356
0.18000,0.74000,0.43956,0.52810
0.20000,0.74000,0.38072,0.57886
0.22000,0.74000,0.33238,0.62203
0.24000,0.74000,0.31083,0.64406
0.26000,0.74000,0.32685,0.63269
0.28000,0.74000,0.38384,0.57797
0.30000,0.74000,0.47377,0.48083
0.32000,0.74000,0.57486,0.36241
0.34000,0.74000,0.66168,0.25518
0.36000,0.74000,0.72037,0.18181
0.38000,0.74000,0.74950,0.14945
0.40000,0.74000,0.74866,0.15952
0.42000,0.74000,0.70973,0.21558
0.44000,0.74000,0.62047,0.32010
0.46000,0.74000,0.48378,0.45980
0.48000,0.74000,0.33270,0.59870
0.50000,0.74000,0.20826,0.70245
0.52000,0.74000,0.12775,0.76335
0.54000,0.74000,0.08723,0.79242
0.56000,0.74000,0.07935,0.80034
0.58000,0.74000,0.10332,0.78786
0.60000,0.74000,0.16633,0.74414
0.62000,0.74000,0.27702,0.65293
0.64000,0.74000,0.42730,0.51238
0.66000,0.74000,0.57980,0.35387
0.68000,0.74000,0.69337,0.22163
0.70000,0.74000,0.75676,0.13579
0.72000,0.74000,0.78239,0.09229
0.74000,0.74000,0.78418,0.08267
0.76000,0.74000,0.76687,0.10478
0.78000,0.74000,0.72507,0.16359
0.80000,0.74000,0.64901,0.26386
0.82000,0.74000,0.53899,0.39510
0.84000,0.74000,0.41829,0.52404
0.86000,0.74000,0.32191,0.61486
0.88000,0.74000,0.27061,0.65602
0.90000,0.74000,0.26703,0.65618
0.92000,0.74000,0.30378,0.62812
0.94000,0.74000,0.36690,0.58204
0.96000,0.74000,0.43732,0.52794
0.98000,0.74000,0.49506,0.47978
1.00000,0.74000,0.52050,0.45740
0.00000,0.76000,0.48966,0.49352
0.02000,0.76000,0.48752,0.49564
0.04000,0.76000,0.48572,0.49736
0.06000,0.76000,0.48872,0.49414
0.08000,0.76000,0.49865,0.48373
0.10000,0.76000,0.51424,0.46737
0.12000,0.76000,0.53018,0.45060
0.14000,0.76000,0.53819,0.44178
0.16000,0.76000,0.52952,0.44910
0.18000,0.76000,0.49872,0.47664
0.20000,0.76000,0.44801,0.52135
0.22000,0.76000,0.38893,0.57301
0.24000,0.76000,0.33884,0.61765
0.26000,0.76000,0.31428,0.64171
0.28000,0.76000,0.32660,0.63293
0.30000,0.76000,0.37959,0.58190
0.32000,0.76000,0.46568,0.48963
0.34000,0.76000,0.56395,0.37560
0.36000,0.76000,0.64960,0.27013
0.38000,0.76000,0.70873,0.19585
0.40000,0.76000,0.73937,0.16131
0.42000,0.76000,0.74066,0.16868
0.44000,0.76000,0.70471,0.22107
0.46000,0.76000,0.62023,0.32013
0.48000,0.76000,0.49004,0.45309
0.50000,0.76000,0.34427,0.58645
0.52000,0.76000,0.22143,0.68760
0.54000,0.76000,0.13972,0.74832
0.56000,0.76000,0.09728,0.77838
0.58000,0.76000,0.08788,0.78776
0.60000,0.76000,0.11065,0.77708
0.62000,0.76000,0.17176,0.73604
0.64000,0.76000,0.27838,0.64954
0.66000,0.76000,0.42218,0.51594
0.68000,0.76000,0.56836,0.36378
0.70000,0.76000,0.67842,0.23443
0.72000,0.76000,0.74096,0.14867
0.74000,0.76000,0.76687,0.10478
0.76000,0.76000,0.76886,0.09580
0.78000,0.76000,0.75115,0.12000
0.80000,0.76000,0.70878,0.18143
0.82000,0.76000,0.63397,0.28207
0.84000,0.76000,0.52983,0.40832
0.86000,0.76000,0.42045,0.52685
0.88000,0.76000,0.33728,0.60689
0.90000,0.76000,0.29827,0.63987
0.92000,0.76000,0.30466,0.63404
0.94000,0.76000,0.34719,0.60132
0.96000,0.76000,0.40957,0.55262
0.98000,0.76000,0.47089,0.50145
1.00000,0.76000,0.50284,0.47323
0.00000,0.78000,0.49071,0.49250
0.02000,0.78000,0.48802,0.49516
0.04000,0.78000,0.48346,0.49968
0.06000,0.78000,0.48147,0.50158
0.08000,0.78000,0.48595,0.49685
0.10000,0.78000,0.49870,0.48344
0.12000,0.78000,0.51770,0.46333
0.14000,0.78000,0.53681,0.44307
0.16000,0.78000,0.54699,0.43216
0.18000,0.78000,0.53907,0.43935
0.20000,0.78000,0.50751,0.46855
0.22000,0.78000,0.45465,0.51598
0.24000,0.78000,0.39239,0.57055
0.26000,0.78000,0.33881,0.61776
0.28000,0.78000,0.31127,0.64385
0.30000,0.78000,0.32130,0.63698
0.32000,0.78000,0.37239,0.58849
0.34000,0.78000,0.45676,0.49959
0.36000,0.78000,0.55380,0.38836
0.38000,0.78000,0.63926,0.28354
0.40000,0.78000,0.69924,0.20794
0.42000,0.78000,0.73129,0.17120
0.44000,0.78000,0.73428,0.17600
0.46000,0.78000,0.70082,0.22502
0.48000,0.78000,0.62082,0.31916
0.50000,0.78000,0.49698,0.44594
0.52000,0.78000,0.35662,0.57397
0.54000,0.78000,0.23567,0.67255
0.56000,0.78000,0.15297,0.73320
0.58000,0.78000,0.10863,0.76442
0.60000,0.78000,0.09759,0.77527
0.62000,0.78000,0.11898,0.76623
0.64000,0.78000,0.17808,0.72768
0.66000,0.78000,0.28065,0.64582
0.68000,0.78000,0.41795,0.51926
0.70000,0.78000,0.55745,0.37399
0.72000,0.78000,0.66357,0.24840
0.74000,0.78000,0.72507,0.16359
0.76000,0.78000,0.75115,0.12000
0.78000,0.78000,0.75307,0.11237
0.80000,0.78000,0.73445,0.13941
0.82000,0.78000,0.69096,0.20397
0.84000,0.78000,0.61715,0.30486
0.86000,0.78000,0.51928,0.42482
0.88000,0.78000,0.42159,0.53186
0.90000,0.78000,0.35232,0.60001
0.92000,0.78000,0.32631,0.62340
0.94000,0.78000,0.34276,0.60999
0.96000,0.78000,0.38993,0.57140
0.98000,0.78000,0.44781,0.52175
1.00000,0.78000,0.48231,0.49042
0.00000,0.80000,0.49144,0.49178
0.02000,0.80000,0.48893,0.49426
0.04000,0.80000,0.48353,0.49960
0.06000,0.80000,0.47865,0.50441
0.08000,0.80000,0.47845,0.50452
0.10000,0.80000,0.48637,0.49620
0.12000,0.80000,0.50315,0.47836
0.14000,0.80000,0.52550,0.45444
0.16000,0.80000,0.54621,0.43242
0.18000,0.80000,0.55589,0.42240
0.20000,0.80000,0.54555,0.43271
0.22000,0.80000,0.51048,0.46587
0.24000,0.80000,0.45395,0.51672
0.26000,0.80000,0.38887,0.57327
0.28000,0.80000,0.33404,0.62098
0.30000,0.80000,0.30668,0.64668
0.32000,0.80000,0.31740,0.63955
0.34000,0.80000,0.36862,0.59205
0.36000,0.80000,0.45196,0.50564
0.38000,0.80000,0.54727,0.39720
0.40000,0.80000,0.63142,0.29397
0.42000,0.80000,0.69100,0.21846
0.44000,0.80000,0.72327,0.18086
0.46000,0.80000,0.72693,0.18416
0.48000,0.80000,0.69536,0.23061
0.50000,0.80000,0.61975,0.32025
0.52000,0.80000,0.50268,0.44062
0.54000,0.80000,0.36858,0.56259
0.56000,0.80000,0.25059,0.65784
0.58000,0.80000,0.16778,0.71790
0.60000,0.80000,0.12209,0.74985
0.62000,0.80000,0.10972,0.76175
0.64000,0.80000,0.12993,0.75395
0.66000,0.80000,0.18718,0.71763
0.68000,0.80000,0.28563,0.64046
0.70000,0.80000,0.41587,0.52150
0.72000,0.80000,0.54775,0.38421
0.74000,0.80000,0.64901,0.26386
0.76000,0.80000,0.70878,0.18143
0.78000,0.80000,0.73445,0.13941
0.80000,0.80000,0.73566,0.13427
0.82000,0.80000,0.71549,0.16509
0.84000,0.80000,0.67053,0.23299
0.86000,0.80000,0.59797,0.33282
0.88000,0.80000,0.50712,0.44443
0.90000,0.80000,0.42209,0.53802
0.92000,0.80000,0.36769,0.59258
0.94000,0.80000,0.35533,0.60459
0.96000,0.80000,0.38108,0.58212
0.98000,0.80000,0.42853,0.53919
1.00000,0.80000,0.46152,0.50773
0.00000,0.82000,0.49159,0.49164
0.02000,0.82000,0.48963,0.49357
0.04000,0.82000,0.48492,0.49820
0.06000,0.82000,0.47961,0.50345
0.08000,0.82000,0.47686,0.50615
0.10000,0.82000,0.48020,0.50261
0.12000,0.82000,0.49184,0.49023
0.14000,0.82000,0.51109,0.46948
0.16000,0.82000,0.53372,0.44506
0.18000,0.82000,0.55244,0.42531
0.20000,0.82000,0.55841,0.41960
0.22000,0.82000,0.54397,0.43439
0.24000,0.82000,0.50560,0.47059
0.26000,0.82000,0.44763,0.52208
0.28000,0.82000,0.38351,0.57708
0.30000,0.82000,0.33153,0.62204
0.32000,0.82000,0.30748,0.64505
0.34000,0.82000,0.32042,0.63652
0.36000,0.82000,0.37156,0.58992
0.38000,0.82000,0.45223,0.50689
0.40000,0.82000,0.54343,0.40303
0.42000,0.82000,0.62398,0.30372
0.44000,0.82000,0.68139,0.23046
0.46000,0.82000,0.71269,0.19356
0.48000,0.82000,0.71642,0.19630
0.50000,0.82000,0.68669,0.24053
0.52000,0.82000,0.61592,0.32525
0.54000,0.82000,0.50659,0.43802
0.56000,0.82000,0.38027,0.55237
0.58000,0.82000,0.26702,0.64291
0.60000,0.82000,0.18558,0.70136
0.62000,0.82000,0.13946,0.73335
0.64000,0.82000,0.12624,0.74580
0.66000,0.82000,0.14554,0.73896
0.68000,0.82000,0.20084,0.70494
0.70000,0.82000,0.29447,0.63298
0.72000,0.82000,0.41632,0.52268
0.74000,0.82000,0.53899,0.39510
0.76000,0.82000,0.63397,0.28207
0.78000,0.82000,0.69096,0.20397
0.80000,0.82000,0.71549,0.16509
0.82000,0.82000,0.71552,0.16354
0.84000,0.82000,0.69362,0.19847
0.86000,0.82000,0.64745,0.26855
0.88000,0.82000,0.57711,0.36464
0.90000,0.82000,0.49460,0.46495
0.92000,0.82000,0.42331,0.54312
0.94000,0.82000,0.38448,0.58257
0.96000,0.82000,0.38509,0.58204
0.98000,0.82000,0.41586,0.55193
1.00000,0.82000,0.44339,0.52384
0.00000,0.84000,0.49119,0.49206
0.02000,0.84000,0.48985,0.49337
0.04000,0.84000,0.48673,0.49643
0.06000,0.84000,0.48290,0.50020
0.08000,0.84000,0.48002,0.50303
0.10000,0.84000,0.48041,0.50253
0.12000,0.84000,0.48634,0.49618
0.14000,0.84000,0.49884,0.48263
0.16000,0.84000,0.51673,0.46313
0.18000,0.84000,0.53608,0.44232
0.20000,0.84000,0.55055,0.42742
0.22000,0.84000,0.55268,0.42591
0.24000,0.84000,0.53593,0.44276
0.26000,0.84000,0.49768,0.47812
0.28000,0.84000,0.44261,0.52623
0.30000,0.84000,0.38354,0.57653
0.32000,0.84000,0.33708,0.61696
0.34000,0.84000,0.31709,0.63687
0.36000,0.84000,0.33122,0.62762
0.38000,0.84000,0.37997,0.58344
0.40000,0.84000,0.45501,0.50595
0.42000,0.84000,0.53935,0.40930
0.44000,0.84000,0.61425,0.31642
0.46000,0.84000,0.66827,0.24726
0.48000,0.84000,0.69806,0.21208
0.50000,0.84000,0.70188,0.21449
0.52000,0.84000,0.67451,0.25591
0.54000,0.84000,0.60959,0.33424
0.56000,0.84000,0.50956,0.43745
0.58000,0.84000,0.39312,0.54223
0.60000,0.84000,0.28681,0.62648
0.62000,0.84000,0.20846,0.68225
0.64000,0.84000,0.16295,0.71367
0.66000,0.84000,0.14932,0.72645
0.68000,0.84000,0.16752,0.72073
0.70000,0.84000,0.21995,0.68960
0.72000,0.84000,0.30701,0.62397
0.74000,0.84000,0.41829,0.52404
0.76000,0.84000,0.52983,0.40832
0.78000,0.84000,0.61715,0.30486
0.80000,0.84000,0.67053,0.23299
0.82000,0.84000,0.69362,0.19847
0.84000,0.84000,0.69258,0.20084
0.86000,0.84000,0.66943,0.23875
0.88000,0.84000,0.62302,0.30822
0.90000,0.84000,0.55622,0.39710
0.92000,0.84000,0.48317,0.48377
0.94000,0.84000,0.42625,0.54534
0.96000,0.84000,0.40225,0.56930
0.98000,0.84000,0.41217,0.55777
1.00000,0.84000,0.43076,0.53706
0.00000,0.86000,0.49050,0.49276
0.02000,0.86000,0.48970,0.49355
0.04000,0.86000,0.48840,0.49482
0.06000,0.86000,0.48700,0.49617
0.08000,0.86000,0.48567,0.49746
0.10000,0.86000,0.48501,0.49804
0.12000,0.86000,0.48634,0.49648
0.14000,0.86000,0.49132,0.49094
0.16000,0.86000,0.50110,0.48016
0.18000,0.86000,0.51520,0.46484
0.20000,0.86000,0.53069,0.44845
0.22000,0.86000,0.54226,0.43682
0.24000,0.86000,0.54324,0.43630
0.26000,0.86000,0.52764,0.45141
0.28000,0.86000,0.49311,0.48261
0.30000,0.86000,0.44402,0.52515
0.32000,0.86000,0.39180,0.56987
0.34000,0.86000,0.35099,0.60604
0.36000,0.86000,0.33372,0.62392
0.38000,0.86000,0.34678,0.61549
0.40000,0.86000,0.39050,0.57555
0.42000,0.86000,0.45748,0.50572
0.44000,0.86000,0.53308,0.41855
0.46000,0.86000,0.60110,0.33416
0.48000,0.86000,0.65112,0.27046
0.50000,0.86000,0.67941,0.23743
0.52000,0.86000,0.68384,0.23897
0.54000,0.86000,0.65971,0.27616
0.56000,0.86000,0.60186,0.34617
0.58000,0.86000,0.51277,0.43777
0.60000,0.86000,0.40842,0.53114
0.62000,0.86000,0.31147,0.60761
0.64000,0.86000,0.23814,0.65980
0.66000,0.86000,0.19422,0.69040
0.68000,0.86000,0.18015,0.70382
0.70000,0.86000,0.19624,0.69997
0.72000,0.86000,0.24386,0.67282
0.74000,0.86000,0.32191,0.61486
0.76000,0.86000,0.42045,0.52685
0.78000,0.86000,0.51928,0.42482
0.80000,0.86000,0.59797,0.33282
0.82000,0.86000,0.64745,0.26855
0.84000,0.86000,0.66944,0.23875
0.86000,0.86000,0.66806,0.24402
0.88000,0.86000,0.64455,0.28247
0.90000,0.86000,0.59879,0.34814
0.92000,0.86000,0.53630,0.42745
0.94000,0.86000,0.47326,0.49953
0.96000,0.86000,0.43017,0.54482
0.98000,0.86000,0.41840,0.55502
1.00000,0.86000,0.42567,0.54535
0.00000,0.88000,0.48984,0.49343
0.02000,0.88000,0.48951,0.49376
0.04000,0.88000,0.48979,0.49347
0.06000,0.88000,0.49074,0.49250
0.08000,0.88000,0.49142,0.49179
0.10000,0.88000,0.49097,0.49219
0.12000,0.88000,0.48950,0.49353
0.14000,0.88000,0.48847,0.49430
0.16000,0.88000,0.49022,0.49210
0.18000,0.88000,0.49672,0.48494
0.20000,0.88000,0.50817,0.47274
0.22000,0.88000,0.52209,0.45828
0.24000,0.88000,0.53345,0.44682
0.26000,0.88000,0.53583,0.44451
0.28000,0.88000,0.52348,0.45600
0.30000,0.88000,0.49418,0.48222
0.32000,0.88000,0.45175,0.51925
0.34000,0.88000,0.40608,0.55906
0.36000,0.88000,0.36973,0.59197
0.38000,0.88000,0.35347,0.60898
0.40000,0.88000,0.36356,0.60265
0.42000,0.88000,0.40052,0.56836
0.44000,0.88000,0.45814,0.50778
0.46000,0.88000,0.52411,0.43172
0.48000,0.88000,0.58472,0.35720
0.50000,0.88000,0.63059,0.29975
0.52000,0.88000,0.65767,0.26877
0.54000,0.88000,0.66340,0.26839
0.56000,0.88000,0.64355,0.29954
0.58000,0.88000,0.59407,0.35920
0.60000,0.88000,0.51750,0.43753
0.62000,0.88000,0.42713,0.51828
0.64000,0.88000,0.34153,0.58614
0.66000,0.88000,0.27478,0.63438
0.68000,0.88000,0.23309,0.66435
0.70000,0.88000,0.21801,0.67909
0.72000,0.88000,0.23026,0.67807
0.74000,0.88000,0.27061,0.65602
0.76000,0.88000,0.33728,0.60689
0.78000,0.88000,0.42159,0.53186
0.80000,0.88000,0.50712,0.44443
0.82000,0.88000,0.57711,0.36464
0.84000,0.88000,0.62302,0.30822
0.86000,0.88000,0.64455,0.28247
0.88000,0.88000,0.64347,0.28892
0.90000,0.88000,0.61995,0.32560
0.92000,0.88000,0.57501,0.38572
0.94000,0.88000,0.51708,0.45483
0.96000,0.88000,0.46389,0.51295
0.98000,0.88000,0.43347,0.54356
1.00000,0.88000,0.42865,0.54699
0.00000,0.90000,0.48949,0.49380
0.02000,0.90000,0.48961,0.49368
0.04000,0.90000,0.49103,0.49226
0.06000,0.90000,0.49349,0.48979
0.08000,0.90000,0.49551,0.48775
0.10000,0.90000,0.49552,0.48770
0.12000,0.90000,0.49289,0.49027
0.14000,0.90000,0.48856,0.49449
0.16000,0.90000,0.48488,0.49800
0.18000,0.90000,0.48476,0.49787
0.20000,0.90000,0.49030,0.49196
0.22000,0.90000,0.50150,0.48027
0.24000,0.90000,0.51571,0.46559
0.26000,0.90000,0.52793,0.45312
0.28000,0.90000,0.53206,0.44881
0.30000,0.90000,0.52287,0.45718
0.32000,0.90000,0.49846,0.47922
0.34000,0.90000,0.46213,0.51153
0.36000,0.90000,0.42223,0.54706
0.38000,0.90000,0.38949,0.57721
0.40000,0.90000,0.37340,0.59380
0.42000,0.90000,0.37977,0.59013
0.44000,0.90000,0.40937,0.56227
0.46000,0.90000,0.45722,0.51183
0.48000,0.90000,0.51329,0.44776
0.50000,0.90000,0.56627,0.38383
0.52000,0.90000,0.60795,0.33299
0.54000,0.90000,0.63411,0.30376
0.56000,0.90000,0.64178,0.30041
0.58000,0.90000,0.62709,0.32403
0.60000,0.90000,0.58695,0.37203
0.62000,0.90000,0.52385,0.43635
0.64000,0.90000,0.44843,0.50414
0.66000,0.90000,0.37532,0.56318
0.68000,0.90000,0.31616,0.60745
0.70000,0.90000,0.27700,0.63708
0.72000,0.90000,0.26019,0.65369
0.74000,0.90000,0.26703,0.65618
0.76000,0.90000,0.29827,0.63987
0.78000,0.90000,0.35232,0.60001
0.80000,0.90000,0.42209,0.53802
0.82000,0.90000,0.49460,0.46495
0.84000,0.90000,0.55622,0.39709
0.86000,0.90000,0.59879,0.34813
0.88000,0.90000,0.61995,0.32560
0.90000,0.90000,0.61904,0.33208
0.92000,0.90000,0.59516,0.36614
0.94000,0.90000,0.55076,0.42058
0.96000,0.90000,0.49743,0.48017
0.98000,0.90000,0.45449,0.52528
1.00000,0.90000,0.43866,0.54128
0.00000,0.92000,0.48958,0.49373
0.02000,0.92000,0.49014,0.49316
0.04000,0.92000,0.49218,0.49111
0.06000,0.92000,0.49500,0.48828
0.08000,0.92000,0.49714,0.48614
0.10000,0.92000,0.49719,0.48607
0.12000,0.92000,0.49450,0.48873
0.14000,0.92000,0.48954,0.49363
0.16000,0.92000,0.48395,0.49914
0.18000,0.92000,0.48021,0.50280
0.20000,0.92000,0.48077,0.50212
0.22000,0.92000,0.48707,0.49560
0.24000,0.92000,0.49862,0.48365
0.26000,0.92000,0.51270,0.46910
0.28000,0.92000,0.52476,0.45671
0.30000,0.92000,0.52951,0.45176
0.32000,0.92000,0.52259,0.45812
0.34000,0.92000,0.50249,0.47661
0.36000,0.92000,0.47193,0.50435
0.38000,0.92000,0.43769,0.53542
0.40000,0.92000,0.40861,0.56252
0.42000,0.92000,0.39280,0.57854
0.44000,0.92000,0.39550,0.57763
0.46000,0.92000,0.41774,0.55653
0.48000,0.92000,0.45577,0.51658
0.50000,0.92000,0.50186,0.46474
0.52000,0.92000,0.54708,0.41160
0.54000,0.92000,0.58448,0.36749
0.56000,0.92000,0.60976,0.33986
0.58000,0.92000,0.61962,0.33303
0.60000,0.92000,0.61050,0.34853
0.62000,0.92000,0.58005,0.38457
0.64000,0.92000,0.53050,0.43501
0.66000,0.92000,0.47005,0.49010
0.68000,0.92000,0.40974,0.54036
0.70000,0.92000,0.35872,0.58054
0.72000,0.92000,0.32245,0.60971
0.74000,0.92000,0.30378,0.62812
0.76000,0.92000,0.30466,0.63404
0.78000,0.92000,0.32631,0.62340
0.80000,0.92000,0.36768,0.59258
0.82000,0.92000,0.42331,0.54312
0.84000,0.92000,0.48317,0.48377
0.86000,0.92000,0.53630,0.42744
0.88000,0.92000,0.57501,0.38572
0.90000,0.92000,0.59516,0.36614
0.92000,0.92000,0.59374,0.37243
0.94000,0.92000,0.56886,0.40409
0.96000,0.92000,0.52491,0.45352
0.98000,0.92000,0.47763,0.50374
1.00000,0.92000,0.45358,0.52901
0.00000,0.94000,0.49005,0.49326
0.02000,0.94000,0.49100,0.49231
0.04000,0.94000,0.49311,0.49019
0.06000,0.94000,0.49525,0.48804
0.08000,0.94000,0.49643,0.48685
0.10000,0.94000,0.49606,0.48722
0.12000,0.94000,0.49390,0.48937
0.14000,0.94000,0.49014,0.49309
0.16000,0.94000,0.48550,0.49766
0.18000,0.94000,0.48133,0.50177
0.20000,0.94000,0.47937,0.50370
0.22000,0.94000,0.48124,0.50179
0.24000,0.94000,0.48774,0.49511
0.26000,0.94000,0.49827,0.48422
0.28000,0.94000,0.51057,0.47150
0.30000,0.94000,0.52099,0.46078
0.32000,0.94000,0.52538,0.45627
0.34000,0.94000,0.52029,0.46105
0.36000,0.94000,0.50450,0.47583
0.38000,0.94000,0.47999,0.49843
0.40000,0.94000,0.45190,0.52432
0.42000,0.94000,0.42708,0.54767
0.44000,0.94000,0.41213,0.56264
0.46000,0.94000,0.41159,0.56429
0.48000,0.94000,0.42673,0.54988
0.50000,0.94000,0.45513,0.52026
0.52000,0.94000,0.49123,0.48042
0.54000,0.94000,0.52841,0.43804
0.56000,0.94000,0.56100,0.40094
0.58000,0.94000,0.58486,0.37535
0.60000,0.94000,0.59654,0.36545
0.62000,0.94000,0.59277,0.37323
0.64000,0.94000,0.57173,0.39786
0.66000,0.94000,0.53523,0.43503
0.68000,0.94000,0.48926,0.47774
0.70000,0.94000,0.44173,0.51897
0.72000,0.94000,0.39943,0.55429
0.74000,0.94000,0.36690,0.58204
0.76000,0.94000,0.34719,0.60132
0.78000,0.94000,0.34276,0.60999
0.80000,0.94000,0.35533,0.60460
0.82000,0.94000,0.38448,0.58257
0.84000,0.94000,0.42625,0.54534
0.86000,0.94000,0.47326,0.49953
0.88000,0.94000,0.51708,0.45483
0.90000,0.94000,0.55075,0.42058
0.92000,0.94000,0.56887,0.40408
0.94000,0.94000,0.56631,0.41024
0.96000,0.94000,0.54026,0.43982
0.98000,0.94000,0.49845,0.48376
1.00000,0.94000,0.47069,0.51271
0.00000,0.96000,0.49075,0.49257
0.02000,0.96000,0.49187,0.49145
0.04000,0.96000,0.49346,0.48985
0.06000,0.96000,0.49431,0.48899
0.08000,0.96000,0.49423,0.48906
0.10000,0.96000,0.49344,0.48986
0.12000,0.96000,0.49207,0.49121
0.14000,0.96000,0.49017,0.49309
0.16000,0.96000,0.48778,0.49543
0.18000,0.96000,0.48519,0.49797
0.20000,0.96000,0.48308,0.50005
0.22000,0.96000,0.48247,0.50065
0.24000,0.96000,0.48443,0.49866
0.26000,0.96000,0.48953,0.49339
0.28000,0.96000,0.49748,0.48515
0.30000,0.96000,0.50677,0.47553
0.32000,0.96000,0.51485,0.46722
0.34000,0.96000,0.51869,0.46331
0.36000,0.96000,0.51567,0.46617
0.38000,0.96000,0.50465,0.47657
0.40000,0.96000,0.48679,0.49323
0.42000,0.96000,0.46548,0.51310
0.44000,0.96000,0.44558,0.53195
0.46000,0.96000,0.43207,0.54529
0.48000,0.96000,0.42873,0.54916
0.50000,0.96000,0.43710,0.54120
0.52000,0.96000,0.45603,0.52166
0.54000,0.96000,0.48201,0.49363
0.56000,0.96000,0.51051,0.46212
0.58000,0.96000,0.53724,0.43258
0.60000,0.96000,0.55855,0.40985
0.62000,0.96000,0.57121,0.39775
0.64000,0.96000,0.57236,0.39861
0.66000,0.96000,0.56048,0.41253
0.68000,0.96000,0.53672,0.43699
0.70000,0.96000,0.50495,0.46739
0.72000,0.96000,0.47028,0.49888
0.74000,0.96000,0.43732,0.52794
0.76000,0.96000,0.40957,0.55262
0.78000,0.96000,0.38993,0.57140
0.80000,0.96000,0.38108,0.58212
0.82000,0.96000,0.38509,0.58204
0.84000,0.96000,0.40225,0.56930
0.86000,0.96000,0.43016,0.54483
0.88000,0.96000,0.46390,0.51294
0.90000,0.96000,0.49744,0.48017
0.92000,0.96000,0.52491,0.45353
0.94000,0.96000,0.54026,0.43983
0.96000,0.96000,0.53653,0.44544
0.98000,0.96000,0.51110,0.47178
1.00000,0.96000,0.48643,0.49681
0.00000,0.98000,0.49142,0.49190
0.02000,0.98000,0.49232,0.49100
0.04000,0.98000,0.49291,0.49041
0.06000,0.98000,0.49260,0.49071
0.08000,0.98000,0.49184,0.49147
0.10000,0.98000,0.49106,0.49224
0.12000,0.98000,0.49049,0.49280
0.14000,0.98000,0.49010,0.49317
0.16000,0.98000,0.48968,0.49356
0.18000,0.98000,0.48899,0.49422
0.20000,0.98000,0.48797,0.49521
0.22000,0.98000,0.48691,0.49627
0.24000,0.98000,0.48642,0.49674
0.26000,0.98000,0.48728,0.49582
0.28000,0.98000,0.49011,0.49285
0.30000,0.98000,0.49495,0.48777
0.32000,0.98000,0.50107,0.48138
0.34000,0.98000,0.50694,0.47530
0.36000,0.98000,0.51054,0.47161
0.38000,0.98000,0.50993,0.47212
0.40000,0.98000,0.50398,0.47776
0.42000,0.98000,0.49290,0.48813
0.44000,0.98000,0.47841,0.50157
0.46000,0.98000,0.46349,0.51548
0.48000,0.98000,0.45162,0.52682
0.50000,0.98000,0.44587,0.53266
0.52000,0.98000,0.44801,0.53094
0.54000,0.98000,0.45796,0.52111
0.56000,0.98000,0.47396,0.50434
0.58000,0.98000,0.49335,0.48321
0.60000,0.98000,0.51328,0.46104
0.62000,0.98000,0.53107,0.44142
0.64000,0.98000,0.54412,0.42776
0.66000,0.98000,0.55006,0.42265
0.68000,0.98000,0.54734,0.42703
0.70000,0.98000,0.53598,0.43983
0.72000,0.98000,0.51768,0.45843
0.74000,0.98000,0.49506,0.47978
0.76000,0.98000,0.47089,0.50145
0.78000,0.98000,0.44781,0.52175
0.80000,0.98000,0.42853,0.53919
0.82000,0.98000,0.41586,0.55193
0.84000,0.98000,0.41216,0.55777
0.86000,0.98000,0.41839,0.55502
0.88000,0.98000,0.43346,0.54356
0.90000,0.98000,0.45449,0.52528
0.92000,0.98000,0.47763,0.50374
0.94000,0.98000,0.49845,0.48377
0.96000,0.98000,0.51109,0.47178
0.98000,0.98000,0.50826,0.47495
1.00000,0.98000,0.49555,0.48756
0.00000,1.00000,0.49183,0.49149
0.02000,1.00000,0.49222,0.49110
0.04000,1.00000,0.49206,0.49126
0.06000,1.00000,0.49141,0.49190
0.08000,1.00000,0.49069,0.49262
0.10000,1.00000,0.49018,0.49313
0.12000,1.00000,0.49004,0.49326
0.14000,1.00000,0.49023,0.49305
0.16000,1.00000,0.49055,0.49271
0.18000,1.00000,0.49070,0.49253
0.20000,1.00000,0.49046,0.49275
0.22000,1.00000,0.48975,0.49344
0.24000,1.00000,0.48884,0.49433
0.26000,1.00000,0.48824,0.49490
0.28000,1.00000,0.48860,0.49445
0.30000,1.00000,0.49045,0.49243
0.32000,1.00000,0.49388,0.48873
0.34000,1.00000,0.49839,0.48391
0.36000,1.00000,0.50291,0.47918
0.38000,1.00000,0.50593,0.47610
0.40000,1.00000,0.50593,0.47609
0.42000,1.00000,0.50186,0.47988
0.44000,1.00000,0.49363,0.48730
0.46000,1.00000,0.48236,0.49729
0.48000,1.00000,0.47030,0.50813
0.50000,1.00000,0.46026,0.51765
0.52000,1.00000,0.45477,0.52357
0.54000,1.00000,0.45523,0.52404
0.56000,1.00000,0.46165,0.51808
0.58000,1.00000,0.47290,0.50599
0.60000,1.00000,0.48731,0.48934
0.62000,1.00000,0.50303,0.47074
0.64000,1.00000,0.51814,0.45347
0.66000,1.00000,0.53053,0.44073
0.68000,1.00000,0.53810,0.43478
0.70000,1.00000,0.53918,0.43632
0.72000,1.00000,0.53313,0.44446
0.74000,1.00000,0.52050,0.45740
0.76000,1.00000,0.50284,0.47323
0.78000,1.00000,0.48231,0.49042
0.80000,1.00000,0.46152,0.50773
0.82000,1.00000,0.44339,0.52384
0.84000,1.00000,0.43076,0.53706
0.86000,1.00000,0.42567,0.54535
0.88000,1.00000,0.42865,0.54699
0.90000,1.00000,0.43866,0.54128
0.92000,1.00000,0.45358,0.52901
0.94000,1.00000,0.47069,0.51271
0.96000,1.00000,0.48643,0.49681
0.98000,1.00000,0.49555,0.48756
1.00000,1.00000,0.49557,0.48753
